# Mass_[GeV] c*tau_[cm] Minimal_pT_[GeV]  Efficiency Efficiency_error

     1       0.5            0.1              0.00       0.00
     1       0.5            0.2              0.00       0.00
     1       0.5            0.3              0.00       0.00
     1       0.5            0.4          0.000486   0.000204
     1       0.5            0.5          0.000753   0.000354
     1       0.5            0.6           0.00621   0.000657
     1       0.5            1.            0.0466    0.00203
     1       0.5            2.0            0.0873    0.00333
     1       0.5            3.0             0.122    0.00456
     1       0.5            4.0             0.122    0.00497
     1       1.0            0.1              0.00       0.00
     1       1.0            0.2              0.00       0.00
     1       1.0            0.3           0.00121   0.000642
     1       1.0            0.4           0.00474    0.00128
     1       1.0            0.5           0.00508    0.00144
     1       1.0            0.6            0.0242    0.00181
     1       1.0            1.            0.0993    0.00341
     1       1.0            2.0             0.155    0.00484
     1       1.0            3.0             0.188    0.00588
     1       1.0            4.0             0.173    0.00587
     1       3.0            0.1              0.00       0.00
     1       3.0            0.2           0.00131   0.000562
     1       3.0            0.3            0.0108    0.00259
     1       3.0            0.4            0.0245    0.00379
     1       3.0            0.5            0.0255    0.00356
     1       3.0            0.6            0.0700    0.00327
     1       3.0            1.             0.179    0.00513
     1       3.0            2.0             0.211    0.00594
     1       3.0            3.0             0.198    0.00570
     1       3.0            4.0             0.155    0.00487
     1       6.0            0.1              0.00       0.00
     1       6.0            0.2           0.00474    0.00162
     1       6.0            0.3            0.0234    0.00376
     1       6.0            0.4            0.0391    0.00466
     1       6.0            0.5            0.0414    0.00443
     1       6.0            0.6            0.0935    0.00377
     1       6.0            1.             0.185    0.00517
     1       6.0            2.0             0.181    0.00501
     1       6.0            3.0             0.148    0.00422
     1       6.0            4.0             0.106    0.00332
     1       10.0           0.1              0.00       0.00
     1       10.0           0.2           0.00773    0.00237
     1       10.0           0.3            0.0333    0.00483
     1       10.0           0.4            0.0473    0.00517
     1       10.0           0.5            0.0505    0.00499
     1       10.0           0.6            0.0992    0.00389
     1       10.0           1.             0.165    0.00461
     1       10.0           2.0             0.141    0.00393
     1       10.0           3.0             0.107    0.00306
     1       10.0           4.0            0.0736    0.00230
     1       20.0           0.1              0.00       0.00
     1       20.0           0.2           0.00978    0.00305
     1       20.0           0.3            0.0446     0.0103
     1       20.0           0.4            0.0557    0.00745
     1       20.0           0.5            0.0582    0.00745
     1       20.0           0.6            0.0912    0.00394
     1       20.0           1.             0.123    0.00350
     1       20.0           2.0            0.0906    0.00254
     1       20.0           3.0            0.0640    0.00184
     1       20.0           4.0            0.0428    0.00134
     1       100.0          0.1              0.00       0.00
     1       100.0          0.2           0.00873    0.00299
     1       100.0          0.3            0.0526     0.0242
     1       100.0          0.4            0.0731     0.0231
     1       100.0          0.5            0.0598     0.0147
     1       100.0          0.6            0.0592    0.00370
     1       100.0          1.            0.0604    0.00190
     1       100.0          2.0            0.0388    0.00111
     1       100.0          3.0            0.0270   0.000788
     1       100.0          4.0            0.0191   0.000604
     2       0.5            0.1              0.00       0.00
     2       0.5            0.2              0.00       0.00
     2       0.5            0.3              0.00       0.00
     2       0.5            0.4              0.00       0.00
     2       0.5            0.5              0.00       0.00
     2       0.5            0.6           0.00120   0.000195
     2       0.5            1.            0.0171   0.000974
     2       0.5            2.0            0.0636    0.00275
     2       0.5            3.0             0.106    0.00454
     2       0.5            4.0             0.167    0.00762
     2       1.0            0.1              0.00       0.00
     2       1.0            0.2              0.00       0.00
     2       1.0            0.3          0.000172   0.000108
     2       1.0            0.4          0.000828   0.000332
     2       1.0            0.5           0.00210   0.000570
     2       1.0            0.6            0.0119    0.00126
     2       1.0            1.            0.0603    0.00260
     2       1.0            2.0             0.144    0.00507
     2       1.0            3.0             0.200    0.00687
     2       1.0            4.0             0.279     0.0100
     2       3.0            0.1           0.00155   0.000603
     2       3.0            0.2           0.00554    0.00137
     2       3.0            0.3           0.00744    0.00205
     2       3.0            0.4            0.0147    0.00333
     2       3.0            0.5            0.0235    0.00446
     2       3.0            0.6            0.0569    0.00365
     2       3.0            1.             0.157    0.00497
     2       3.0            2.0             0.283    0.00806
     2       3.0            3.0             0.353    0.00991
     2       3.0            4.0             0.425     0.0123
     2       6.0            0.1           0.00959    0.00288
     2       6.0            0.2            0.0213    0.00446
     2       6.0            0.3            0.0223    0.00423
     2       6.0            0.4            0.0320    0.00507
     2       6.0            0.5            0.0405    0.00586
     2       6.0            0.6            0.0868    0.00428
     2       6.0            1.             0.217    0.00620
     2       6.0            2.0             0.350    0.00945
     2       6.0            3.0             0.406     0.0109
     2       6.0            4.0             0.446     0.0123
     2       10.0           0.1            0.0185    0.00498
     2       10.0           0.2            0.0323    0.00615
     2       10.0           0.3            0.0351    0.00543
     2       10.0           0.4            0.0454    0.00571
     2       10.0           0.5            0.0524    0.00602
     2       10.0           0.6             0.105    0.00451
     2       10.0           1.             0.247    0.00684
     2       10.0           2.0             0.368    0.00978
     2       10.0           3.0             0.396     0.0106
     2       10.0           4.0             0.406     0.0111
     2       20.0           0.1            0.0256    0.00639
     2       20.0           0.2            0.0381    0.00656
     2       20.0           0.3            0.0467    0.00625
     2       20.0           0.4            0.0606    0.00650
     2       20.0           0.5            0.0675    0.00634
     2       20.0           0.6             0.120    0.00475
     2       20.0           1.             0.251    0.00689
     2       20.0           2.0             0.330    0.00877
     2       20.0           3.0             0.318    0.00848
     2       20.0           4.0             0.299    0.00820
     2       100.0          0.1            0.0219    0.00523
     2       100.0          0.2            0.0325    0.00659
     2       100.0          0.3            0.0466    0.00716
     2       100.0          0.4            0.0731     0.0113
     2       100.0          0.5            0.0817    0.00978
     2       100.0          0.6             0.118    0.00641
     2       100.0          1.             0.181    0.00527
     2       100.0          2.0             0.190    0.00515
     2       100.0          3.0             0.156    0.00422
     2       100.0          4.0             0.133    0.00370
     3       0.5            0.1              0.00       0.00
     3       0.5            0.2              0.00       0.00
     3       0.5            0.3              0.00       0.00
     3       0.5            0.4              0.00       0.00
     3       0.5            0.5              0.00       0.00
     3       0.5            0.6          0.000152   2.66e-05
     3       0.5            1.           0.00639   0.000425
     3       0.5            2.0            0.0301    0.00152
     3       0.5            3.0            0.0606    0.00291
     3       0.5            4.0            0.0957    0.00573
     3       1.0            0.1              0.00       0.00
     3       1.0            0.2              0.00       0.00
     3       1.0            0.3              0.00       0.00
     3       1.0            0.4          0.000142   5.64e-05
     3       1.0            0.5          0.000548   0.000162
     3       1.0            0.6           0.00477   0.000527
     3       1.0            1.            0.0392    0.00192
     3       1.0            2.0            0.0975    0.00387
     3       1.0            3.0             0.146    0.00558
     3       1.0            4.0             0.195    0.00888
     3       3.0            0.1          0.000351   0.000184
     3       3.0            0.2           0.00163   0.000487
     3       3.0            0.3           0.00701    0.00154
     3       3.0            0.4            0.0125    0.00249
     3       3.0            0.5            0.0204    0.00350
     3       3.0            0.6            0.0504    0.00338
     3       3.0            1.             0.137    0.00474
     3       3.0            2.0             0.235    0.00710
     3       3.0            3.0             0.297    0.00875
     3       3.0            4.0             0.351     0.0114
     3       6.0            0.1           0.00445    0.00157
     3       6.0            0.2            0.0112    0.00253
     3       6.0            0.3            0.0244    0.00418
     3       6.0            0.4            0.0360    0.00550
     3       6.0            0.5            0.0500    0.00633
     3       6.0            0.6            0.0899    0.00468
     3       6.0            1.             0.200    0.00602
     3       6.0            2.0             0.314    0.00871
     3       6.0            3.0             0.366     0.0101
     3       6.0            4.0             0.407     0.0120
     3       10.0           0.1            0.0128    0.00371
     3       10.0           0.2            0.0220    0.00440
     3       10.0           0.3            0.0372    0.00561
     3       10.0           0.4            0.0516    0.00668
     3       10.0           0.5            0.0719    0.00732
     3       10.0           0.6             0.114    0.00506
     3       10.0           1.             0.238    0.00677
     3       10.0           2.0             0.349    0.00940
     3       10.0           3.0             0.380     0.0102
     3       10.0           4.0             0.403     0.0115
     3       20.0           0.1            0.0258    0.00666
     3       20.0           0.2            0.0319    0.00557
     3       20.0           0.3            0.0467    0.00601
     3       20.0           0.4            0.0640    0.00678
     3       20.0           0.5            0.0938    0.00770
     3       20.0           0.6             0.135    0.00521
     3       20.0           1.             0.260    0.00717
     3       20.0           2.0             0.341    0.00910
     3       20.0           3.0             0.336    0.00900
     3       20.0           4.0             0.333    0.00947
     3       100.0          0.1            0.0376    0.00885
     3       100.0          0.2            0.0362    0.00609
     3       100.0          0.3            0.0529    0.00881
     3       100.0          0.4            0.0739    0.00831
     3       100.0          0.5             0.105    0.00916
     3       100.0          0.6             0.140    0.00572
     3       100.0          1.             0.221    0.00625
     3       100.0          2.0             0.228    0.00621
     3       100.0          3.0             0.190    0.00517
     3       100.0          4.0             0.171    0.00497
     4       0.5            0.1              0.00       0.00
     4       0.5            0.2              0.00       0.00
     4       0.5            0.3              0.00       0.00
     4       0.5            0.4              0.00       0.00
     4       0.5            0.5              0.00       0.00
     4       0.5            0.6              0.00       0.00
     4       0.5            1.           0.00164   0.000190
     4       0.5            2.0            0.0119   0.000901
     4       0.5            3.0            0.0314    0.00226
     4       0.5            4.0            0.0561    0.00675
     4       1.0            0.1              0.00       0.00
     4       1.0            0.2              0.00       0.00
     4       1.0            0.3              0.00       0.00
     4       1.0            0.4              0.00       0.00
     4       1.0            0.5              0.00       0.00
     4       1.0            0.6           0.00145   0.000266
     4       1.0            1.            0.0195    0.00140
     4       1.0            2.0            0.0613    0.00332
     4       1.0            3.0             0.103    0.00553
     4       1.0            4.0             0.146     0.0129
     4       3.0            0.1              0.00       0.00
     4       3.0            0.2          0.000692   0.000334
     4       3.0            0.3           0.00251   0.000849
     4       3.0            0.4           0.00540    0.00141
     4       3.0            0.5           0.00950    0.00249
     4       3.0            0.6            0.0334    0.00339
     4       3.0            1.             0.110    0.00500
     4       3.0            2.0             0.190    0.00708
     4       3.0            3.0             0.248    0.00899
     4       3.0            4.0             0.301     0.0158
     4       6.0            0.1           0.00104   0.000602
     4       6.0            0.2           0.00630    0.00217
     4       6.0            0.3            0.0174    0.00393
     4       6.0            0.4            0.0256    0.00524
     4       6.0            0.5            0.0319    0.00607
     4       6.0            0.6            0.0704    0.00541
     4       6.0            1.             0.177    0.00647
     4       6.0            2.0             0.270    0.00853
     4       6.0            3.0             0.322     0.0101
     4       6.0            4.0             0.370     0.0154
     4       10.0           0.1           0.00461    0.00221
     4       10.0           0.2            0.0154    0.00426
     4       10.0           0.3            0.0351    0.00662
     4       10.0           0.4            0.0455    0.00790
     4       10.0           0.5            0.0513    0.00786
     4       10.0           0.6            0.0958    0.00596
     4       10.0           1.             0.218    0.00712
     4       10.0           2.0             0.312    0.00923
     4       10.0           3.0             0.347     0.0103
     4       10.0           4.0             0.384     0.0146
     4       20.0           0.1            0.0121    0.00476
     4       20.0           0.2            0.0291    0.00646
     4       20.0           0.3            0.0534    0.00842
     4       20.0           0.4            0.0652    0.00936
     4       20.0           0.5            0.0705    0.00869
     4       20.0           0.6             0.119    0.00601
     4       20.0           1.             0.247    0.00747
     4       20.0           2.0             0.323    0.00923
     4       20.0           3.0             0.326    0.00942
     4       20.0           4.0             0.340     0.0125
     4       100.0          0.1            0.0183    0.00639
     4       100.0          0.2            0.0430    0.00918
     4       100.0          0.3            0.0604    0.00892
     4       100.0          0.4            0.0753    0.00951
     4       100.0          0.5            0.0782    0.00897
     4       100.0          0.6             0.122    0.00596
     4       100.0          1.             0.233    0.00706
     4       100.0          2.0             0.243    0.00709
     4       100.0          3.0             0.207    0.00619
     4       100.0          4.0             0.194    0.00755
     5       0.5            0.1              0.00       0.00
     5       0.5            0.2              0.00       0.00
     5       0.5            0.3              0.00       0.00
     5       0.5            0.4              0.00       0.00
     5       0.5            0.5              0.00       0.00
     5       0.5            0.6              0.00       0.00
     5       0.5            1.          0.000598   2.18e-05
     5       0.5            2.0           0.00611   0.000188
     5       0.5            3.0            0.0210   0.000608
     5       1.0            0.1              0.00       0.00
     5       1.0            0.2              0.00       0.00
     5       1.0            0.3              0.00       0.00
     5       1.0            0.4              0.00       0.00
     5       1.0            0.5              0.00       0.00
     5       1.0            0.6          0.000568   2.46e-05
     5       1.0            1.            0.0118   0.000350
     5       1.0            2.0            0.0436    0.00121
     5       1.0            3.0            0.0851    0.00231
     5       3.0            0.1              0.00       0.00
     5       3.0            0.2          0.000215   1.91e-05
     5       3.0            0.3           0.00137   9.02e-05
     5       3.0            0.4           0.00429   0.000242
     5       3.0            0.5           0.00905   0.000453
     5       3.0            0.6            0.0284   0.000878
     5       3.0            1.            0.0937    0.00248
     5       3.0            2.0             0.164    0.00425
     5       3.0            3.0             0.221    0.00568
     5       6.0            0.1          0.000520   5.12e-05
     5       6.0            0.2           0.00466   0.000283
     5       6.0            0.3            0.0135   0.000668
     5       6.0            0.4            0.0253    0.00113
     5       6.0            0.5            0.0383    0.00157
     5       6.0            0.6            0.0730    0.00208
     5       6.0            1.             0.159    0.00410
     5       6.0            2.0             0.239    0.00610
     5       6.0            3.0             0.292    0.00740
     5       10.0           0.1           0.00353   0.000260
     5       10.0           0.2            0.0157   0.000793
     5       10.0           0.3            0.0319    0.00138
     5       10.0           0.4            0.0480    0.00191
     5       10.0           0.5            0.0637    0.00237
     5       10.0           0.6             0.103    0.00282
     5       10.0           1.             0.199    0.00507
     5       10.0           2.0             0.280    0.00708
     5       10.0           3.0             0.316    0.00799
     5       20.0           0.1            0.0140   0.000829
     5       20.0           0.2            0.0347    0.00152
     5       20.0           0.3            0.0538    0.00206
     5       20.0           0.4            0.0704    0.00250
     5       20.0           0.5            0.0859    0.00286
     5       20.0           0.6             0.128    0.00338
     5       20.0           1.             0.228    0.00577
     5       20.0           2.0             0.294    0.00741
     5       20.0           3.0             0.299    0.00754
     5       100.0          0.1            0.0300    0.00160
     5       100.0          0.2            0.0477    0.00191
     5       100.0          0.3            0.0638    0.00224
     5       100.0          0.4            0.0791    0.00257
     5       100.0          0.5            0.0916    0.00284
     5       100.0          0.6             0.133    0.00346
     5       100.0          1.             0.216    0.00544
     5       100.0          2.0             0.230    0.00580
     5       100.0          3.0             0.195    0.00491
     6       0.5            0.1              0.00       0.00
     6       0.5            0.2              0.00       0.00
     6       0.5            0.3              0.00       0.00
     6       0.5            0.4              0.00       0.00
     6       0.5            0.5              0.00       0.00
     6       0.5            0.6              0.00       0.00
     6       0.5            1.          0.000189   7.74e-06
     6       0.5            2.0           0.00283   9.75e-05
     6       0.5            3.0           0.00666   0.000241
     6       1.0            0.1              0.00       0.00
     6       1.0            0.2              0.00       0.00
     6       1.0            0.3              0.00       0.00
     6       1.0            0.4              0.00       0.00
     6       1.0            0.5              0.00       0.00
     6       1.0            0.6          0.000195   9.13e-06
     6       1.0            1.           0.00612   0.000191
     6       1.0            2.0            0.0288   0.000845
     6       1.0            3.0            0.0420    0.00131
     6       3.0            0.1              0.00       0.00
     6       3.0            0.2              0.00       0.00
     6       3.0            0.3          0.000525   3.40e-05
     6       3.0            0.4           0.00195   0.000107
     6       3.0            0.5           0.00508   0.000250
     6       3.0            0.6            0.0193   0.000602
     6       3.0            1.            0.0718    0.00193
     6       3.0            2.0             0.135    0.00360
     6       3.0            3.0             0.137    0.00376
     6       6.0            0.1          0.000198   2.05e-05
     6       6.0            0.2           0.00237   0.000140
     6       6.0            0.3           0.00821   0.000396
     6       6.0            0.4            0.0172   0.000738
     6       6.0            0.5            0.0294    0.00118
     6       6.0            0.6            0.0611    0.00174
     6       6.0            1.             0.135    0.00349
     6       6.0            2.0             0.207    0.00533
     6       6.0            3.0             0.191    0.00502
     6       10.0           0.1           0.00184   0.000138
     6       10.0           0.2            0.0104   0.000509
     6       10.0           0.3            0.0237   0.000994
     6       10.0           0.4            0.0386    0.00148
     6       10.0           0.5            0.0556    0.00202
     6       10.0           0.6            0.0932    0.00255
     6       10.0           1.             0.175    0.00447
     6       10.0           2.0             0.247    0.00629
     6       10.0           3.0             0.216    0.00558
     6       20.0           0.1           0.00983   0.000551
     6       20.0           0.2            0.0285    0.00120
     6       20.0           0.3            0.0467    0.00174
     6       20.0           0.4            0.0631    0.00219
     6       20.0           0.5            0.0820    0.00268
     6       20.0           0.6             0.121    0.00320
     6       20.0           1.             0.206    0.00521
     6       20.0           2.0             0.264    0.00667
     6       20.0           3.0             0.214    0.00549
     6       100.0          0.1            0.0288    0.00139
     6       100.0          0.2            0.0466    0.00178
     6       100.0          0.3            0.0614    0.00208
     6       100.0          0.4            0.0744    0.00237
     6       100.0          0.5            0.0924    0.00279
     6       100.0          0.6             0.127    0.00330
     6       100.0          1.             0.197    0.00496
     6       100.0          2.0             0.212    0.00534
     6       100.0          3.0             0.150    0.00386
     7       0.5            0.1              0.00       0.00
     7       0.5            0.2              0.00       0.00
     7       0.5            0.3              0.00       0.00
     7       0.5            0.4              0.00       0.00
     7       0.5            0.5              0.00       0.00
     7       0.5            0.6              0.00       0.00
     7       0.5            1.              0.00       0.00
     7       0.5            2.0          0.000330   1.74e-05
     7       1.0            0.1              0.00       0.00
     7       1.0            0.2              0.00       0.00
     7       1.0            0.3              0.00       0.00
     7       1.0            0.4              0.00       0.00
     7       1.0            0.5              0.00       0.00
     7       1.0            0.6              0.00       0.00
     7       1.0            1.           0.00302   0.000101
     7       1.0            2.0           0.00924   0.000376
     7       3.0            0.1              0.00       0.00
     7       3.0            0.2              0.00       0.00
     7       3.0            0.3          0.000213   1.33e-05
     7       3.0            0.4          0.000948   5.05e-05
     7       3.0            0.5           0.00235   0.000118
     7       3.0            0.6            0.0117   0.000371
     7       3.0            1.            0.0521    0.00142
     7       3.0            2.0            0.0812    0.00257
     7       6.0            0.1              0.00       0.00
     7       6.0            0.2           0.00124   6.97e-05
     7       6.0            0.3           0.00515   0.000236
     7       6.0            0.4            0.0120   0.000493
     7       6.0            0.5            0.0197   0.000776
     7       6.0            0.6            0.0458    0.00131
     7       6.0            1.             0.107    0.00281
     7       6.0            2.0             0.137    0.00393
     7       10.0           0.1          0.000869   6.01e-05
     7       10.0           0.2           0.00677   0.000314
     7       10.0           0.3            0.0179   0.000710
     7       10.0           0.4            0.0314    0.00115
     7       10.0           0.5            0.0437    0.00155
     7       10.0           0.6            0.0767    0.00210
     7       10.0           1.             0.144    0.00371
     7       10.0           2.0             0.169    0.00462
     7       20.0           0.1           0.00648   0.000338
     7       20.0           0.2            0.0223   0.000884
     7       20.0           0.3            0.0410    0.00144
     7       20.0           0.4            0.0578    0.00192
     7       20.0           0.5            0.0725    0.00232
     7       20.0           0.6             0.108    0.00284
     7       20.0           1.             0.175    0.00445
     7       20.0           2.0             0.185    0.00490
     7       100.0          0.1            0.0239    0.00108
     7       100.0          0.2            0.0414    0.00150
     7       100.0          0.3            0.0595    0.00192
     7       100.0          0.4            0.0739    0.00226
     7       100.0          0.5            0.0882    0.00261
     7       100.0          0.6             0.121    0.00313
     7       100.0          1.             0.170    0.00430
     7       100.0          2.0             0.148    0.00389
     8       0.5            0.1              0.00       0.00
     8       0.5            0.2              0.00       0.00
     8       0.5            0.3              0.00       0.00
     8       0.5            0.4              0.00       0.00
     8       0.5            0.5              0.00       0.00
     8       0.5            0.6              0.00       0.00
     8       0.5            1.              0.00       0.00
     8       1.0            0.1              0.00       0.00
     8       1.0            0.2              0.00       0.00
     8       1.0            0.3              0.00       0.00
     8       1.0            0.4              0.00       0.00
     8       1.0            0.5              0.00       0.00
     8       1.0            0.6              0.00       0.00
     8       1.0            1.              0.00       0.00
     8       3.0            0.1              0.00       0.00
     8       3.0            0.2              0.00       0.00
     8       3.0            0.3              0.00       0.00
     8       3.0            0.4          0.000440   2.35e-05
     8       3.0            0.5           0.00135   6.70e-05
     8       3.0            0.6           0.00860   0.000275
     8       3.0            1.            0.0159   0.000778
     8       6.0            0.1              0.00       0.00
     8       6.0            0.2          0.000651   3.29e-05
     8       6.0            0.3           0.00302   0.000134
     8       6.0            0.4           0.00800   0.000329
     8       6.0            0.5            0.0151   0.000594
     8       6.0            0.6            0.0397    0.00113
     8       6.0            1.            0.0560    0.00224
     8       10.0           0.1          0.000509   3.08e-05
     8       10.0           0.2           0.00477   0.000199
     8       10.0           0.3            0.0131   0.000496
     8       10.0           0.4            0.0248   0.000896
     8       10.0           0.5            0.0379    0.00134
     8       10.0           0.6            0.0709    0.00194
     8       10.0           1.            0.0905    0.00320
     8       20.0           0.1           0.00487   0.000223
     8       20.0           0.2            0.0197   0.000708
     8       20.0           0.3            0.0356    0.00120
     8       20.0           0.4            0.0524    0.00170
     8       20.0           0.5            0.0689    0.00219
     8       20.0           0.6             0.104    0.00276
     8       20.0           1.             0.128    0.00397
     8       100.0          0.1            0.0224   0.000896
     8       100.0          0.2            0.0437    0.00145
     8       100.0          0.3            0.0593    0.00184
     8       100.0          0.4            0.0745    0.00223
     8       100.0          0.5            0.0907    0.00265
     8       100.0          0.6             0.125    0.00323
     8       100.0          1.             0.152    0.00432
     9       0.5            0.1              0.00       0.00
     9       0.5            0.2              0.00       0.00
     9       0.5            0.3              0.00       0.00
     9       1.0            0.1              0.00       0.00
     9       1.0            0.2              0.00       0.00
     9       1.0            0.3              0.00       0.00
     9       3.0            0.1              0.00       0.00
     9       3.0            0.2              0.00       0.00
     9       3.0            0.3              0.00       0.00
     9       6.0            0.1              0.00       0.00
     9       6.0            0.2          0.000336   1.83e-05
     9       6.0            0.3           0.00149   7.81e-05
     9       10.0           0.1          0.000289   1.63e-05
     9       10.0           0.2           0.00324   0.000140
     9       10.0           0.3           0.00906   0.000396
     9       20.0           0.1           0.00362   0.000157
     9       20.0           0.2            0.0171   0.000613
     9       20.0           0.3            0.0324    0.00121
     9       100.0          0.1            0.0200   0.000769
     9       100.0          0.2            0.0479    0.00156
     9       100.0          0.3            0.0659    0.00223
     9.5     0.5            0.1              0.00       0.00
     9.5     1.0            0.1              0.00       0.00
     9.5     3.0            0.1              0.00       0.00
     9.5     6.0            0.1              0.00       0.00
     9.5     10.0           0.1              0.00       0.00
     9.5     20.0           0.1           0.00125   8.63e-05
     9.5     100.0          0.1            0.0116   0.000736