# Mass_[GeV] c*tau_[cm] Minimal_pT_[GeV]  Efficiency Efficiency_error
     0.5     0.5            4.0             0.317    0.00944
     0.5     1.0            4.0             0.369     0.0103
     0.5     3.0            4.0             0.309    0.00834
     0.5     6.0            4.0             0.214    0.00577
     0.5     10.0           4.0             0.152    0.00413
     0.5     20.0           4.0             0.101    0.00274
     0.5     100.0          4.0            0.0625    0.00171
     1       0.5            4.0             0.269    0.00916
     1       1.0            4.0             0.370     0.0110
     1       3.0            4.0             0.444     0.0120
     1       6.0            4.0             0.386     0.0104
     1       10.0           4.0             0.304    0.00818
     1       20.0           4.0             0.198    0.00535
     1       100.0          4.0            0.0959    0.00261
     2       0.5            4.0             0.166    0.00741
     2       1.0            4.0             0.281    0.00992
     2       3.0            4.0             0.437     0.0126
     2       6.0            4.0             0.462     0.0127
     2       10.0           4.0             0.423     0.0115
     2       20.0           4.0             0.315    0.00861
     2       100.0          4.0             0.144    0.00399
     3       0.5            4.0             0.104    0.00612
     3       1.0            4.0             0.208    0.00931
     3       3.0            4.0             0.377     0.0121
     3       6.0            4.0             0.436     0.0127
     3       10.0           4.0             0.432     0.0123
     3       20.0           4.0             0.360     0.0102
     3       100.0          4.0             0.187    0.00541
     4       0.5            4.0            0.0489    0.00620
     4       1.0            4.0             0.131     0.0118
     4       3.0            4.0             0.292     0.015
     4       6.0            4.0             0.370     0.0153
     4       10.0           4.0             0.390     0.0147
     4       20.0           4.0             0.351     0.0128
     4       100.0          4.0             0.206    0.00806
     5       0.5            3.0            0.0194   0.000567
     5       1.0            3.0            0.0805    0.00219
     5       3.0            3.0             0.215    0.00552
     5       6.0            3.0             0.286    0.00725
     5       10.0           3.0             0.313    0.00790
     5       20.0           3.0             0.301    0.00759
     5       100.0          3.0             0.203    0.00511