# Mass_[GeV] c*tau_[cm] Minimal_pT_[GeV]  Efficiency Efficiency_error

     0.5     0.5            0.1              0.00       0.00
     0.5     0.5            0.2          0.000318   0.000192
     0.5     0.5            0.3          0.000358   0.000254
     0.5     0.5            0.4           0.00284   0.000776
     0.5     0.5            0.5           0.00470    0.00116
     0.5     0.5            0.6            0.0181    0.00144
     0.5     0.5            1.            0.0821    0.00285
     0.5     0.5            2.0             0.184    0.00557
     0.5     0.5            3.0             0.264    0.00774
     0.5     0.5            4.0             0.314    0.00935
     0.5     1.0            0.1          0.000165   0.000150
     0.5     1.0            0.2           0.00173   0.000934
     0.5     1.0            0.3           0.00215   0.000766
     0.5     1.0            0.4           0.00990    0.00196
     0.5     1.0            0.5            0.0139    0.00228
     0.5     1.0            0.6            0.0400    0.00217
     0.5     1.0            1.             0.143    0.00417
     0.5     1.0            2.0             0.267    0.00732
     0.5     1.0            3.0             0.346    0.00941
     0.5     1.0            4.0             0.385     0.0106
     0.5     3.0            0.1           0.00229    0.00122
     0.5     3.0            0.2           0.00489    0.00182
     0.5     3.0            0.3            0.0132    0.00221
     0.5     3.0            0.4            0.0284    0.00337
     0.5     3.0            0.5            0.0393    0.00370
     0.5     3.0            0.6            0.0919    0.00341
     0.5     3.0            1.             0.242    0.00646
     0.5     3.0            2.0             0.349    0.00913
     0.5     3.0            3.0             0.369    0.00969
     0.5     3.0            4.0             0.350    0.00936
     0.5     6.0            0.1           0.00745    0.00286
     0.5     6.0            0.2           0.00728    0.00222
     0.5     6.0            0.3            0.0256    0.00376
     0.5     6.0            0.4            0.0396    0.00442
     0.5     6.0            0.5            0.0588    0.00514
     0.5     6.0            0.6             0.121    0.00431
     0.5     6.0            1.             0.259    0.00691
     0.5     6.0            2.0             0.311    0.00814
     0.5     6.0            3.0             0.286    0.00753
     0.5     6.0            4.0             0.249    0.00667
     0.5     10.0           0.1            0.0173    0.00699
     0.5     10.0           0.2           0.00880    0.00299
     0.5     10.0           0.3            0.0325    0.00529
     0.5     10.0           0.4            0.0416    0.00508
     0.5     10.0           0.5            0.0694    0.00697
     0.5     10.0           0.6             0.128    0.00497
     0.5     10.0           1.             0.232    0.00629
     0.5     10.0           2.0             0.247    0.00651
     0.5     10.0           3.0             0.212    0.00560
     0.5     10.0           4.0             0.180    0.00483
     0.5     20.0           0.1            0.0383     0.0185
     0.5     20.0           0.2           0.00961    0.00402
     0.5     20.0           0.3            0.0351    0.00663
     0.5     20.0           0.4            0.0379    0.00532
     0.5     20.0           0.5            0.0731    0.00899
     0.5     20.0           0.6             0.120    0.00565
     0.5     20.0           1.             0.176    0.00487
     0.5     20.0           2.0             0.167    0.00442
     0.5     20.0           3.0             0.138    0.00367
     0.5     20.0           4.0             0.120    0.00324
     0.5     100.0          0.1            0.0724     0.0430
     0.5     100.0          0.2           0.00938    0.00472
     0.5     100.0          0.3            0.0322    0.00703
     0.5     100.0          0.4            0.0296    0.00489
     0.5     100.0          0.5            0.0669    0.00995
     0.5     100.0          0.6            0.0981    0.00597
     0.5     100.0          1.             0.107    0.00308
     0.5     100.0          2.0            0.0924    0.00247
     0.5     100.0          3.0            0.0789    0.00210
     0.5     100.0          4.0            0.0753    0.00203
     1       0.5            0.1              0.00       0.00
     1       0.5            0.2              0.00       0.00
     1       0.5            0.3          0.000230   7.69e-05
     1       0.5            0.4          0.000354   0.000152
     1       0.5            0.5           0.00134   0.000354
     1       0.5            0.6           0.00746   0.000833
     1       0.5            1.            0.0434    0.00196
     1       0.5            2.0             0.109    0.00398
     1       0.5            3.0             0.183    0.00627
     1       0.5            4.0             0.226    0.00796
     1       1.0            0.1              0.00       0.00
     1       1.0            0.2          0.000248   0.000120
     1       1.0            0.3           0.00394   0.000976
     1       1.0            0.4           0.00365    0.00113
     1       1.0            0.5           0.00975    0.00200
     1       1.0            0.6            0.0249    0.00194
     1       1.0            1.            0.0926    0.00323
     1       1.0            2.0             0.193    0.00583
     1       1.0            3.0             0.284    0.00830
     1       1.0            4.0             0.340     0.0101
     1       3.0            0.1           0.00173   0.000906
     1       3.0            0.2           0.00578    0.00216
     1       3.0            0.3            0.0214    0.00395
     1       3.0            0.4            0.0205    0.00342
     1       3.0            0.5            0.0352    0.00456
     1       3.0            0.6            0.0680    0.00321
     1       3.0            1.             0.197    0.00554
     1       3.0            2.0             0.338    0.00904
     1       3.0            3.0             0.415     0.0110
     1       3.0            4.0             0.451     0.0122
     1       6.0            0.1           0.00534    0.00212
     1       6.0            0.2            0.0119    0.00339
     1       6.0            0.3            0.0307    0.00455
     1       6.0            0.4            0.0363    0.00436
     1       6.0            0.5            0.0551    0.00523
     1       6.0            0.6            0.0990    0.00388
     1       6.0            1.             0.257    0.00693
     1       6.0            2.0             0.386     0.0101
     1       6.0            3.0             0.414     0.0109
     1       6.0            4.0             0.409     0.0109
     1       10.0           0.1           0.00955    0.00313
     1       10.0           0.2            0.0163    0.00389
     1       10.0           0.3            0.0362    0.00483
     1       10.0           0.4            0.0492    0.00515
     1       10.0           0.5            0.0725    0.00622
     1       10.0           0.6             0.117    0.00442
     1       10.0           1.             0.275    0.00741
     1       10.0           2.0             0.368    0.00965
     1       10.0           3.0             0.355    0.00934
     1       10.0           4.0             0.328    0.00878
     1       20.0           0.1            0.0163    0.00535
     1       20.0           0.2            0.0205    0.00491
     1       20.0           0.3            0.0416    0.00642
     1       20.0           0.4            0.0672    0.00806
     1       20.0           0.5            0.0971     0.0126
     1       20.0           0.6             0.125    0.00534
     1       20.0           1.             0.247    0.00678
     1       20.0           2.0             0.283    0.00749
     1       20.0           3.0             0.245    0.00649
     1       20.0           4.0             0.216    0.00582
     1       100.0          0.1            0.0220    0.00924
     1       100.0          0.2            0.0229    0.00873
     1       100.0          0.3            0.0438     0.0115
     1       100.0          0.4            0.0909     0.0225
     1       100.0          0.5             0.130     0.0345
     1       100.0          0.6            0.0965    0.00693
     1       100.0          1.             0.144    0.00420
     1       100.0          2.0             0.142    0.00382
     1       100.0          3.0             0.113    0.00300
     1       100.0          4.0             0.104    0.00282
     2       0.5            0.1              0.00       0.00
     2       0.5            0.2              0.00       0.00
     2       0.5            0.3              0.00       0.00
     2       0.5            0.4              0.00       0.00
     2       0.5            0.5              0.00       0.00
     2       0.5            0.6          0.000765   0.000141
     2       0.5            1.            0.0139   0.000891
     2       0.5            2.0            0.0474    0.00230
     2       0.5            3.0            0.0862    0.00391
     2       0.5            4.0             0.131    0.00636
     2       1.0            0.1              0.00       0.00
     2       1.0            0.2              0.00       0.00
     2       1.0            0.3          0.000105   5.39e-05
     2       1.0            0.4          0.000482   0.000222
     2       1.0            0.5           0.00174   0.000539
     2       1.0            0.6           0.00819   0.000963
     2       1.0            1.            0.0473    0.00227
     2       1.0            2.0             0.111    0.00416
     2       1.0            3.0             0.173    0.00606
     2       1.0            4.0             0.235    0.00861
     2       3.0            0.1          0.000379   0.000269
     2       3.0            0.2           0.00425    0.00134
     2       3.0            0.3           0.00538    0.00183
     2       3.0            0.4            0.0116    0.00276
     2       3.0            0.5            0.0195    0.00384
     2       3.0            0.6            0.0399    0.00295
     2       3.0            1.             0.128    0.00421
     2       3.0            2.0             0.247    0.00709
     2       3.0            3.0             0.333    0.00936
     2       3.0            4.0             0.401     0.0116
     2       6.0            0.1           0.00282    0.00153
     2       6.0            0.2            0.0143    0.00380
     2       6.0            0.3            0.0136    0.00346
     2       6.0            0.4            0.0249    0.00454
     2       6.0            0.5            0.0359    0.00515
     2       6.0            0.6            0.0647    0.00351
     2       6.0            1.             0.191    0.00552
     2       6.0            2.0             0.329    0.00890
     2       6.0            3.0             0.405     0.0109
     2       6.0            4.0             0.452     0.0124
     2       10.0           0.1           0.00609    0.00271
     2       10.0           0.2            0.0213    0.00496
     2       10.0           0.3            0.0203    0.00411
     2       10.0           0.4            0.0353    0.00509
     2       10.0           0.5            0.0487    0.00554
     2       10.0           0.6            0.0835    0.00381
     2       10.0           1.             0.231    0.00643
     2       10.0           2.0             0.365    0.00969
     2       10.0           3.0             0.414     0.0110
     2       10.0           4.0             0.431     0.0117
     2       20.0           0.1           0.00956    0.00370
     2       20.0           0.2            0.0260    0.00527
     2       20.0           0.3            0.0292    0.00477
     2       20.0           0.4            0.0509    0.00597
     2       20.0           0.5            0.0682    0.00664
     2       20.0           0.6             0.106    0.00435
     2       20.0           1.             0.256    0.00701
     2       20.0           2.0             0.346    0.00918
     2       20.0           3.0             0.348    0.00924
     2       20.0           4.0             0.332    0.00904
     2       100.0          0.1           0.00956    0.00389
     2       100.0          0.2            0.0267    0.00758
     2       100.0          0.3            0.0440     0.0105
     2       100.0          0.4            0.0664     0.0111
     2       100.0          0.5             0.113     0.0226
     2       100.0          0.6             0.125    0.00699
     2       100.0          1.             0.204    0.00597
     2       100.0          2.0             0.210    0.00568
     2       100.0          3.0             0.178    0.00480
     2       100.0          4.0             0.153    0.00423
     3       0.5            0.1              0.00       0.00
     3       0.5            0.2              0.00       0.00
     3       0.5            0.3              0.00       0.00
     3       0.5            0.4              0.00       0.00
     3       0.5            0.5              0.00       0.00
     3       0.5            0.6              0.00       0.00
     3       0.5            1.           0.00381   0.000321
     3       0.5            2.0            0.0205    0.00117
     3       0.5            3.0            0.0429    0.00234
     3       0.5            4.0            0.0699    0.00475
     3       1.0            0.1              0.00       0.00
     3       1.0            0.2              0.00       0.00
     3       1.0            0.3              0.00       0.00
     3       1.0            0.4              0.00       0.00
     3       1.0            0.5          0.000229   9.11e-05
     3       1.0            0.6           0.00292   0.000413
     3       1.0            1.            0.0233    0.00140
     3       1.0            2.0            0.0678    0.00297
     3       1.0            3.0             0.109    0.00448
     3       1.0            4.0             0.147    0.00720
     3       3.0            0.1          0.000206   0.000155
     3       3.0            0.2           0.00160   0.000624
     3       3.0            0.3           0.00411    0.00130
     3       3.0            0.4           0.00590    0.00157
     3       3.0            0.5            0.0109    0.00231
     3       3.0            0.6            0.0291    0.00254
     3       3.0            1.            0.0870    0.00337
     3       3.0            2.0             0.179    0.00560
     3       3.0            3.0             0.246    0.00740
     3       3.0            4.0             0.302    0.00995
     3       6.0            0.1           0.00186    0.00113
     3       6.0            0.2           0.00898    0.00257
     3       6.0            0.3            0.0142    0.00341
     3       6.0            0.4            0.0190    0.00368
     3       6.0            0.5            0.0257    0.00442
     3       6.0            0.6            0.0494    0.00334
     3       6.0            1.             0.138    0.00441
     3       6.0            2.0             0.258    0.00726
     3       6.0            3.0             0.326    0.00904
     3       6.0            4.0             0.378     0.0112
     3       10.0           0.1           0.00430    0.00219
     3       10.0           0.2            0.0174    0.00417
     3       10.0           0.3            0.0218    0.00450
     3       10.0           0.4            0.0297    0.00476
     3       10.0           0.5            0.0358    0.00507
     3       10.0           0.6            0.0617    0.00346
     3       10.0           1.             0.176    0.00516
     3       10.0           2.0             0.305    0.00827
     3       10.0           3.0             0.359    0.00971
     3       10.0           4.0             0.396     0.0113
     3       20.0           0.1           0.00717    0.00311
     3       20.0           0.2            0.0261    0.00534
     3       20.0           0.3            0.0284    0.00481
     3       20.0           0.4            0.0408    0.00519
     3       20.0           0.5            0.0485    0.00531
     3       20.0           0.6            0.0756    0.00350
     3       20.0           1.             0.211    0.00593
     3       20.0           2.0             0.324    0.00867
     3       20.0           3.0             0.341    0.00915
     3       20.0           4.0             0.347    0.00985
     3       100.0          0.1           0.00703    0.00295
     3       100.0          0.2            0.0296    0.00582
     3       100.0          0.3            0.0321    0.00551
     3       100.0          0.4            0.0547    0.00727
     3       100.0          0.5            0.0642    0.00757
     3       100.0          0.6            0.0927    0.00452
     3       100.0          1.             0.212    0.00615
     3       100.0          2.0             0.240    0.00656
     3       100.0          3.0             0.209    0.00568
     3       100.0          4.0             0.189    0.00551
     4       0.5            0.1              0.00       0.00
     4       0.5            0.2              0.00       0.00
     4       0.5            0.3              0.00       0.00
     4       0.5            0.4              0.00       0.00
     4       0.5            0.5              0.00       0.00
     4       0.5            0.6              0.00       0.00
     4       0.5            1.           0.00134   0.000178
     4       0.5            2.0            0.0104   0.000917
     4       0.5            3.0            0.0207    0.00176
     4       0.5            4.0            0.0393    0.00549
     4       1.0            0.1              0.00       0.00
     4       1.0            0.2              0.00       0.00
     4       1.0            0.3              0.00       0.00
     4       1.0            0.4              0.00       0.00
     4       1.0            0.5              0.00       0.00
     4       1.0            0.6           0.00105   0.000224
     4       1.0            1.            0.0137    0.00125
     4       1.0            2.0            0.0462    0.00298
     4       1.0            3.0            0.0693    0.00427
     4       1.0            4.0            0.0992     0.0102
     4       3.0            0.1              0.00       0.00
     4       3.0            0.2          0.000173   9.57e-05
     4       3.0            0.3           0.00116   0.000517
     4       3.0            0.4           0.00335    0.00142
     4       3.0            0.5           0.00652    0.00226
     4       3.0            0.6            0.0232    0.00286
     4       3.0            1.            0.0690    0.00376
     4       3.0            2.0             0.135    0.00557
     4       3.0            3.0             0.183    0.00703
     4       3.0            4.0             0.216     0.0124
     4       6.0            0.1              0.00       0.00
     4       6.0            0.2           0.00267    0.00124
     4       6.0            0.3           0.00718    0.00257
     4       6.0            0.4            0.0116    0.00402
     4       6.0            0.5            0.0190    0.00536
     4       6.0            0.6            0.0458    0.00447
     4       6.0            1.             0.114    0.00467
     4       6.0            2.0             0.201    0.00670
     4       6.0            3.0             0.258    0.00831
     4       6.0            4.0             0.284     0.0126
     4       10.0           0.1              0.00       0.00
     4       10.0           0.2           0.00695    0.00290
     4       10.0           0.3            0.0139    0.00427
     4       10.0           0.4            0.0184    0.00522
     4       10.0           0.5            0.0279    0.00653
     4       10.0           0.6            0.0579    0.00473
     4       10.0           1.             0.147    0.00519
     4       10.0           2.0             0.245    0.00747
     4       10.0           3.0             0.297    0.00893
     4       10.0           4.0             0.313     0.0124
     4       20.0           0.1          0.000850   0.000602
     4       20.0           0.2            0.0112    0.00438
     4       20.0           0.3            0.0212    0.00532
     4       20.0           0.4            0.0268    0.00566
     4       20.0           0.5            0.0366    0.00669
     4       20.0           0.6            0.0680    0.00440
     4       20.0           1.             0.180    0.00570
     4       20.0           2.0             0.275    0.00798
     4       20.0           3.0             0.302    0.00883
     4       20.0           4.0             0.303     0.0115
     4       100.0          0.1           0.00491    0.00354
     4       100.0          0.2           0.00943    0.00363
     4       100.0          0.3            0.0278    0.00613
     4       100.0          0.4            0.0352    0.00693
     4       100.0          0.5            0.0393    0.00661
     4       100.0          0.6            0.0757    0.00453
     4       100.0          1.             0.193    0.00611
     4       100.0          2.0             0.237    0.00706
     4       100.0          3.0             0.210    0.00636
     4       100.0          4.0             0.195    0.00792
     5       0.5            0.1              0.00       0.00
     5       0.5            0.2              0.00       0.00
     5       0.5            0.3              0.00       0.00
     5       0.5            0.4              0.00       0.00
     5       0.5            0.5              0.00       0.00
     5       0.5            0.6              0.00       0.00
     5       0.5            1.          0.000359   1.57e-05
     5       0.5            2.0           0.00401   0.000135
     5       0.5            3.0            0.0132   0.000411
     5       1.0            0.1              0.00       0.00
     5       1.0            0.2              0.00       0.00
     5       1.0            0.3              0.00       0.00
     5       1.0            0.4              0.00       0.00
     5       1.0            0.5              0.00       0.00
     5       1.0            0.6          0.000330   1.83e-05
     5       1.0            1.           0.00678   0.000223
     5       1.0            2.0            0.0280   0.000823
     5       1.0            3.0            0.0532    0.00151
     5       3.0            0.1              0.00       0.00
     5       3.0            0.2              0.00       0.00
     5       3.0            0.3          0.000687   6.32e-05
     5       3.0            0.4           0.00193   0.000153
     5       3.0            0.5           0.00445   0.000301
     5       3.0            0.6            0.0149   0.000536
     5       3.0            1.            0.0530    0.00146
     5       3.0            2.0             0.105    0.00279
     5       3.0            3.0             0.145    0.00379
     5       6.0            0.1          0.000212   3.36e-05
     5       6.0            0.2           0.00190   0.000176
     5       6.0            0.3           0.00629   0.000432
     5       6.0            0.4            0.0107   0.000665
     5       6.0            0.5            0.0180   0.000979
     5       6.0            0.6            0.0367    0.00117
     5       6.0            1.            0.0925    0.00243
     5       6.0            2.0             0.163    0.00419
     5       6.0            3.0             0.206    0.00524
     5       10.0           0.1           0.00135   0.000162
     5       10.0           0.2           0.00614   0.000472
     5       10.0           0.3            0.0142   0.000845
     5       10.0           0.4            0.0196    0.00107
     5       10.0           0.5            0.0290    0.00140
     5       10.0           0.6            0.0508    0.00151
     5       10.0           1.             0.120    0.00309
     5       10.0           2.0             0.203    0.00515
     5       10.0           3.0             0.238    0.00602
     5       20.0           0.1           0.00484   0.000475
     5       20.0           0.2            0.0128   0.000851
     5       20.0           0.3            0.0226    0.00118
     5       20.0           0.4            0.0278    0.00131
     5       20.0           0.5            0.0380    0.00158
     5       20.0           0.6            0.0633    0.00176
     5       20.0           1.             0.148    0.00376
     5       20.0           2.0             0.233    0.00588
     5       20.0           3.0             0.247    0.00624
     5       100.0          0.1           0.00917   0.000811
     5       100.0          0.2            0.0156   0.000947
     5       100.0          0.3            0.0235    0.00112
     5       100.0          0.4            0.0306    0.00127
     5       100.0          0.5            0.0403    0.00150
     5       100.0          0.6            0.0703    0.00189
     5       100.0          1.             0.162    0.00409
     5       100.0          2.0             0.212    0.00536
     5       100.0          3.0             0.185    0.00466
     6       0.5            0.1              0.00       0.00
     6       0.5            0.2              0.00       0.00
     6       0.5            0.3              0.00       0.00
     6       0.5            0.4              0.00       0.00
     6       0.5            0.5              0.00       0.00
     6       0.5            0.6              0.00       0.00
     6       0.5            1.          0.000113   5.22e-06
     6       0.5            2.0           0.00172   7.09e-05
     6       0.5            3.0           0.00394   0.000165
     6       1.0            0.1              0.00       0.00
     6       1.0            0.2              0.00       0.00
     6       1.0            0.3              0.00       0.00
     6       1.0            0.4              0.00       0.00
     6       1.0            0.5              0.00       0.00
     6       1.0            0.6          0.000112   6.37e-06
     6       1.0            1.           0.00378   0.000129
     6       1.0            2.0            0.0175   0.000558
     6       1.0            3.0            0.0252   0.000878
     6       3.0            0.1              0.00       0.00
     6       3.0            0.2              0.00       0.00
     6       3.0            0.3          0.000233   2.51e-05
     6       3.0            0.4          0.000921   7.08e-05
     6       3.0            0.5           0.00242   0.000164
     6       3.0            0.6            0.0106   0.000379
     6       3.0            1.            0.0432    0.00121
     6       3.0            2.0            0.0838    0.00230
     6       3.0            3.0            0.0844    0.00244
     6       6.0            0.1              0.00       0.00
     6       6.0            0.2          0.000867   8.08e-05
     6       6.0            0.3           0.00347   0.000243
     6       6.0            0.4           0.00772   0.000451
     6       6.0            0.5            0.0134   0.000720
     6       6.0            0.6            0.0321    0.00101
     6       6.0            1.            0.0810    0.00215
     6       6.0            2.0             0.135    0.00352
     6       6.0            3.0             0.124    0.00333
     6       10.0           0.1          0.000512   6.82e-05
     6       10.0           0.2           0.00367   0.000279
     6       10.0           0.3           0.00975   0.000576
     6       10.0           0.4            0.0169   0.000861
     6       10.0           0.5            0.0245    0.00117
     6       10.0           0.6            0.0475    0.00140
     6       10.0           1.             0.107    0.00278
     6       10.0           2.0             0.170    0.00435
     6       10.0           3.0             0.147    0.00387
     6       20.0           0.1           0.00260   0.000264
     6       20.0           0.2           0.00954   0.000616
     6       20.0           0.3            0.0182   0.000942
     6       20.0           0.4            0.0264    0.00119
     6       20.0           0.5            0.0343    0.00143
     6       20.0           0.6            0.0605    0.00168
     6       20.0           1.             0.133    0.00339
     6       20.0           2.0             0.197    0.00499
     6       20.0           3.0             0.159    0.00410
     6       100.0          0.1           0.00673   0.000600
     6       100.0          0.2            0.0138   0.000806
     6       100.0          0.3            0.0210   0.000980
     6       100.0          0.4            0.0283    0.00115
     6       100.0          0.5            0.0363    0.00134
     6       100.0          0.6            0.0655    0.00175
     6       100.0          1.             0.141    0.00358
     6       100.0          2.0             0.183    0.00463
     6       100.0          3.0             0.128    0.00333
     7       0.5            0.1              0.00       0.00
     7       0.5            0.2              0.00       0.00
     7       0.5            0.3              0.00       0.00
     7       0.5            0.4              0.00       0.00
     7       0.5            0.5              0.00       0.00
     7       0.5            0.6              0.00       0.00
     7       0.5            1.              0.00       0.00
     7       0.5            2.0          0.000332   0.000121
     7       1.0            0.1              0.00       0.00
     7       1.0            0.2              0.00       0.00
     7       1.0            0.3              0.00       0.00
     7       1.0            0.4              0.00       0.00
     7       1.0            0.5              0.00       0.00
     7       1.0            0.6              0.00       0.00
     7       1.0            1.           0.00181   6.84e-05
     7       1.0            2.0           0.00608   0.000333
     7       3.0            0.1              0.00       0.00
     7       3.0            0.2              0.00       0.00
     7       3.0            0.3              0.00       0.00
     7       3.0            0.4          0.000424   3.23e-05
     7       3.0            0.5           0.00129   8.42e-05
     7       3.0            0.6           0.00680   0.000244
     7       3.0            1.            0.0309   0.000890
     7       3.0            2.0            0.0502    0.00178
     7       6.0            0.1              0.00       0.00
     7       6.0            0.2          0.000561   4.59e-05
     7       6.0            0.3           0.00212   0.000135
     7       6.0            0.4           0.00524   0.000294
     7       6.0            0.5            0.0101   0.000509
     7       6.0            0.6            0.0258   0.000807
     7       6.0            1.            0.0640    0.00173
     7       6.0            2.0            0.0847    0.00261
     7       10.0           0.1          0.000352   4.10e-05
     7       10.0           0.2           0.00293   0.000195
     7       10.0           0.3           0.00742   0.000401
     7       10.0           0.4            0.0136   0.000656
     7       10.0           0.5            0.0215   0.000954
     7       10.0           0.6            0.0417    0.00123
     7       10.0           1.            0.0877    0.00229
     7       10.0           2.0             0.107    0.00306
     7       20.0           0.1           0.00218   0.000196
     7       20.0           0.2           0.00895   0.000504
     7       20.0           0.3            0.0164   0.000778
     7       20.0           0.4            0.0240    0.00103
     7       20.0           0.5            0.0330    0.00130
     7       20.0           0.6            0.0557    0.00155
     7       20.0           1.             0.112    0.00286
     7       20.0           2.0             0.124    0.00336
     7       100.0          0.1           0.00676   0.000519
     7       100.0          0.2            0.0146   0.000746
     7       100.0          0.3            0.0210   0.000909
     7       100.0          0.4            0.0271    0.00105
     7       100.0          0.5            0.0350    0.00125
     7       100.0          0.6            0.0610    0.00163
     7       100.0          1.             0.119    0.00303
     7       100.0          2.0             0.110    0.00292
     8       0.5            0.1              0.00       0.00
     8       0.5            0.2              0.00       0.00
     8       0.5            0.3              0.00       0.00
     8       0.5            0.4              0.00       0.00
     8       0.5            0.5              0.00       0.00
     8       0.5            0.6              0.00       0.00
     8       0.5            1.              0.00       0.00
     8       1.0            0.1              0.00       0.00
     8       1.0            0.2              0.00       0.00
     8       1.0            0.3              0.00       0.00
     8       1.0            0.4              0.00       0.00
     8       1.0            0.5              0.00       0.00
     8       1.0            0.6              0.00       0.00
     8       1.0            1.              0.00       0.00
     8       3.0            0.1              0.00       0.00
     8       3.0            0.2              0.00       0.00
     8       3.0            0.3              0.00       0.00
     8       3.0            0.4          0.000265   1.87e-05
     8       3.0            0.5          0.000865   5.29e-05
     8       3.0            0.6           0.00490   0.000179
     8       3.0            1.           0.00893   0.000549
     8       6.0            0.1              0.00       0.00
     8       6.0            0.2          0.000292   2.08e-05
     8       6.0            0.3           0.00154   8.87e-05
     8       6.0            0.4           0.00450   0.000232
     8       6.0            0.5           0.00903   0.000429
     8       6.0            0.6            0.0223   0.000696
     8       6.0            1.            0.0321    0.00155
     8       10.0           0.1          0.000215   2.03e-05
     8       10.0           0.2           0.00205   0.000120
     8       10.0           0.3           0.00647   0.000313
     8       10.0           0.4            0.0133   0.000591
     8       10.0           0.5            0.0215   0.000905
     8       10.0           0.6            0.0395    0.00115
     8       10.0           1.            0.0523    0.00217
     8       20.0           0.1           0.00174   0.000130
     8       20.0           0.2           0.00786   0.000389
     8       20.0           0.3            0.0165   0.000700
     8       20.0           0.4            0.0257    0.00102
     8       20.0           0.5            0.0357    0.00135
     8       20.0           0.6            0.0578    0.00159
     8       20.0           1.            0.0749    0.00260
     8       100.0          0.1           0.00655   0.000423
     8       100.0          0.2            0.0155   0.000695
     8       100.0          0.3            0.0232   0.000907
     8       100.0          0.4            0.0299    0.00109
     8       100.0          0.5            0.0388    0.00134
     8       100.0          0.6            0.0693    0.00183
     8       100.0          1.            0.0923    0.00281
     9       0.5            0.1              0.00       0.00
     9       0.5            0.2              0.00       0.00
     9       0.5            0.3              0.00       0.00
     9       1.0            0.1              0.00       0.00
     9       1.0            0.2              0.00       0.00
     9       1.0            0.3              0.00       0.00
     9       3.0            0.1              0.00       0.00
     9       3.0            0.2              0.00       0.00
     9       3.0            0.3              0.00       0.00
     9       6.0            0.1              0.00       0.00
     9       6.0            0.2          0.000163   1.33e-05
     9       6.0            0.3          0.000775   5.59e-05
     9       10.0           0.1          0.000117   1.01e-05
     9       10.0           0.2           0.00141   8.87e-05
     9       10.0           0.3           0.00455   0.000267
     9       20.0           0.1           0.00128   8.70e-05
     9       20.0           0.2           0.00676   0.000337
     9       20.0           0.3            0.0157   0.000762
     9       100.0          0.1           0.00602   0.000359
     9       100.0          0.2            0.0170   0.000741
     9       100.0          0.3            0.0299    0.00128
     9.5     0.5            0.1              0.00       0.00
     9.5     1.0            0.1              0.00       0.00
     9.5     3.0            0.1              0.00       0.00
     9.5     6.0            0.1              0.00       0.00
     9.5     10.0           0.1              0.00       0.00
     9.5     20.0           0.1          0.000345   4.51e-05
     9.5     100.0          0.1           0.00297   0.000350