     0.5     0.5            0.1              0.00       0.00
     0.5     0.5            0.2              0.00       0.00
     0.5     0.5            0.3          0.000697   0.000240
     0.5     0.5            0.4           0.00407   0.000985
     0.5     0.5            0.5           0.00749    0.00154
     0.5     0.5            0.6            0.0290    0.00185
     0.5     0.5            1.             0.120    0.00392
     0.5     0.5            2.0             0.222    0.00654
     0.5     0.5            3.0             0.289    0.00841
     0.5     0.5            4.0             0.317    0.00944
     0.5     1.0            0.1              0.00       0.00
     0.5     1.0            0.2          0.000386   0.000200
     0.5     1.0            0.3           0.00447    0.00120
     0.5     1.0            0.4            0.0124    0.00226
     0.5     1.0            0.5            0.0204    0.00292
     0.5     1.0            0.6            0.0597    0.00284
     0.5     1.0            1.             0.187    0.00537
     0.5     1.0            2.0             0.304    0.00828
     0.5     1.0            3.0             0.357    0.00973
     0.5     1.0            4.0             0.369     0.0103
     0.5     3.0            0.1           0.00108   0.000883
     0.5     3.0            0.2           0.00394    0.00132
     0.5     3.0            0.3            0.0159    0.00280
     0.5     3.0            0.4            0.0289    0.00341
     0.5     3.0            0.5            0.0493    0.00431
     0.5     3.0            0.6             0.113    0.00399
     0.5     3.0            1.             0.270    0.00719
     0.5     3.0            2.0             0.352    0.00922
     0.5     3.0            3.0             0.345    0.00909
     0.5     3.0            4.0             0.309    0.00834
     0.5     6.0            0.1           0.00209    0.00151
     0.5     6.0            0.2           0.00859    0.00247
     0.5     6.0            0.3            0.0229    0.00359
     0.5     6.0            0.4            0.0402    0.00433
     0.5     6.0            0.5            0.0631    0.00512
     0.5     6.0            0.6             0.132    0.00457
     0.5     6.0            1.             0.267    0.00711
     0.5     6.0            2.0             0.296    0.00777
     0.5     6.0            3.0             0.257    0.00679
     0.5     6.0            4.0             0.214    0.00577
     0.5     10.0           0.1           0.00233    0.00165
     0.5     10.0           0.2            0.0122    0.00412
     0.5     10.0           0.3            0.0260    0.00449
     0.5     10.0           0.4            0.0499    0.00759
     0.5     10.0           0.5            0.0648    0.00580
     0.5     10.0           0.6             0.132    0.00497
     0.5     10.0           1.             0.231    0.00623
     0.5     10.0           2.0             0.231    0.00608
     0.5     10.0           3.0             0.188    0.00499
     0.5     10.0           4.0             0.152    0.00413
     0.5     20.0           0.1           0.00215    0.00153
     0.5     20.0           0.2            0.0152    0.00624
     0.5     20.0           0.3            0.0266    0.00551
     0.5     20.0           0.4            0.0640     0.0196
     0.5     20.0           0.5            0.0592    0.00647
     0.5     20.0           0.6             0.117    0.00525
     0.5     20.0           1.             0.170    0.00469
     0.5     20.0           2.0             0.156    0.00415
     0.5     20.0           3.0             0.124    0.00329
     0.5     20.0           4.0             0.101    0.00274
     0.5     100.0          0.1           0.00168    0.00121
     0.5     100.0          0.2            0.0163    0.00778
     0.5     100.0          0.3            0.0238    0.00596
     0.5     100.0          0.4            0.0804     0.0401
     0.5     100.0          0.5            0.0484    0.00678
     0.5     100.0          0.6            0.0884    0.00498
     0.5     100.0          1.             0.103    0.00295
     0.5     100.0          2.0            0.0910    0.00243
     0.5     100.0          3.0            0.0732    0.00195
     0.5     100.0          4.0            0.0625    0.00171
     1       0.5            0.1              0.00       0.00
     1       0.5            0.2              0.00       0.00
     1       0.5            0.3          0.000126   3.99e-05
     1       0.5            0.4          0.000568   0.000161
     1       0.5            0.5           0.00185   0.000452
     1       0.5            0.6            0.0100   0.000898
     1       0.5            1.            0.0634    0.00254
     1       0.5            2.0             0.140    0.00484
     1       0.5            3.0             0.214    0.00715
     1       0.5            4.0             0.269    0.00916
     1       1.0            0.1          0.000161   7.23e-05
     1       1.0            0.2          0.000670   0.000317
     1       1.0            0.3           0.00334   0.000781
     1       1.0            0.4           0.00750    0.00149
     1       1.0            0.5            0.0142    0.00247
     1       1.0            0.6            0.0355    0.00231
     1       1.0            1.             0.129    0.00422
     1       1.0            2.0             0.235    0.00696
     1       1.0            3.0             0.315    0.00913
     1       1.0            4.0             0.370     0.0110
     1       3.0            0.1           0.00843    0.00242
     1       3.0            0.2           0.00975    0.00241
     1       3.0            0.3            0.0267    0.00421
     1       3.0            0.4            0.0386    0.00492
     1       3.0            0.5            0.0535    0.00580
     1       3.0            0.6            0.0931    0.00398
     1       3.0            1.             0.240    0.00664
     1       3.0            2.0             0.370    0.00987
     1       3.0            3.0             0.423     0.0113
     1       3.0            4.0             0.444     0.0120
     1       6.0            0.1            0.0206    0.00484
     1       6.0            0.2            0.0201    0.00381
     1       6.0            0.3            0.0462    0.00548
     1       6.0            0.4            0.0596    0.00577
     1       6.0            0.5            0.0753    0.00643
     1       6.0            0.6             0.129    0.00472
     1       6.0            1.             0.286    0.00767
     1       6.0            2.0             0.395     0.0104
     1       6.0            3.0             0.404     0.0106
     1       6.0            4.0             0.386     0.0104
     1       10.0           0.1            0.0273    0.00590
     1       10.0           0.2            0.0271    0.00466
     1       10.0           0.3            0.0595    0.00633
     1       10.0           0.4            0.0705    0.00630
     1       10.0           0.5            0.0887    0.00690
     1       10.0           0.6             0.146    0.00517
     1       10.0           1.             0.289    0.00775
     1       10.0           2.0             0.362    0.00950
     1       10.0           3.0             0.339    0.00893
     1       10.0           4.0             0.304    0.00818
     1       20.0           0.1            0.0294    0.00635
     1       20.0           0.2            0.0349    0.00677
     1       20.0           0.3            0.0695    0.00832
     1       20.0           0.4            0.0744    0.00776
     1       20.0           0.5             0.103    0.00940
     1       20.0           0.6             0.149    0.00586
     1       20.0           1.             0.247    0.00673
     1       20.0           2.0             0.271    0.00716
     1       20.0           3.0             0.233    0.00616
     1       20.0           4.0             0.198    0.00535
     1       100.0          0.1            0.0232    0.00575
     1       100.0          0.2            0.0437     0.0141
     1       100.0          0.3            0.0768     0.0194
     1       100.0          0.4            0.0631     0.0105
     1       100.0          0.5             0.125     0.0254
     1       100.0          0.6             0.118    0.00726
     1       100.0          1.             0.142    0.00409
     1       100.0          2.0             0.138    0.00370
     1       100.0          3.0             0.114    0.00304
     1       100.0          4.0            0.0959    0.00261
     2       0.5            0.1              0.00       0.00
     2       0.5            0.2              0.00       0.00
     2       0.5            0.3              0.00       0.00
     2       0.5            0.4              0.00       0.00
     2       0.5            0.5              0.00       0.00
     2       0.5            0.6           0.00140   0.000188
     2       0.5            1.            0.0196    0.00104
     2       0.5            2.0            0.0684    0.00288
     2       0.5            3.0             0.124    0.00503
     2       0.5            4.0             0.166    0.00741
     2       1.0            0.1              0.00       0.00
     2       1.0            0.2              0.00       0.00
     2       1.0            0.3          0.000415   0.000134
     2       1.0            0.4           0.00107   0.000288
     2       1.0            0.5           0.00287   0.000796
     2       1.0            0.6            0.0156    0.00139
     2       1.0            1.            0.0709    0.00289
     2       1.0            2.0             0.158    0.00544
     2       1.0            3.0             0.232    0.00769
     2       1.0            4.0             0.281    0.00992
     2       3.0            0.1           0.00248   0.000866
     2       3.0            0.2           0.00583    0.00161
     2       3.0            0.3            0.0178    0.00326
     2       3.0            0.4            0.0238    0.00407
     2       3.0            0.5            0.0333    0.00517
     2       3.0            0.6            0.0775    0.00444
     2       3.0            1.             0.188    0.00576
     2       3.0            2.0             0.317    0.00890
     2       3.0            3.0             0.395     0.0110
     2       3.0            4.0             0.437     0.0126
     2       6.0            0.1            0.0148    0.00372
     2       6.0            0.2            0.0200    0.00429
     2       6.0            0.3            0.0425    0.00616
     2       6.0            0.4            0.0486    0.00637
     2       6.0            0.5            0.0614    0.00713
     2       6.0            0.6             0.118    0.00532
     2       6.0            1.             0.258    0.00725
     2       6.0            2.0             0.391     0.0105
     2       6.0            3.0             0.447     0.0120
     2       6.0            4.0             0.462     0.0127
     2       10.0           0.1            0.0292    0.00619
     2       10.0           0.2            0.0316    0.00567
     2       10.0           0.3            0.0573    0.00718
     2       10.0           0.4            0.0632    0.00693
     2       10.0           0.5            0.0776    0.00750
     2       10.0           0.6             0.142    0.00563
     2       10.0           1.             0.292    0.00798
     2       10.0           2.0             0.411     0.0109
     2       10.0           3.0             0.436     0.0115
     2       10.0           4.0             0.423     0.0115
     2       20.0           0.1            0.0441    0.00801
     2       20.0           0.2            0.0423    0.00663
     2       20.0           0.3            0.0693    0.00772
     2       20.0           0.4            0.0773    0.00726
     2       20.0           0.5            0.0900    0.00751
     2       20.0           0.6             0.161    0.00592
     2       20.0           1.             0.297    0.00804
     2       20.0           2.0             0.369    0.00974
     2       20.0           3.0             0.351    0.00932
     2       20.0           4.0             0.315    0.00861
     2       100.0          0.1            0.0479    0.00977
     2       100.0          0.2            0.0435    0.00862
     2       100.0          0.3            0.0815     0.0136
     2       100.0          0.4            0.0961     0.0130
     2       100.0          0.5             0.101     0.0163
     2       100.0          0.6             0.159    0.00757
     2       100.0          1.             0.217    0.00622
     2       100.0          2.0             0.213    0.00573
     2       100.0          3.0             0.174    0.00467
     2       100.0          4.0             0.144    0.00399
     3       0.5            0.1              0.00       0.00
     3       0.5            0.2              0.00       0.00
     3       0.5            0.3              0.00       0.00
     3       0.5            0.4              0.00       0.00
     3       0.5            0.5              0.00       0.00
     3       0.5            0.6          0.000139   2.40e-05
     3       0.5            1.           0.00686   0.000452
     3       0.5            2.0            0.0319    0.00155
     3       0.5            3.0            0.0699    0.00327
     3       0.5            4.0             0.104    0.00612
     3       1.0            0.1              0.00       0.00
     3       1.0            0.2              0.00       0.00
     3       1.0            0.3              0.00       0.00
     3       1.0            0.4          0.000149   4.13e-05
     3       1.0            0.5           0.00110   0.000250
     3       1.0            0.6           0.00480   0.000514
     3       1.0            1.            0.0423    0.00200
     3       1.0            2.0             0.105    0.00402
     3       1.0            3.0             0.163    0.00611
     3       1.0            4.0             0.208    0.00931
     3       3.0            0.1          0.000215   9.36e-05
     3       3.0            0.2           0.00116   0.000333
     3       3.0            0.3            0.0104    0.00199
     3       3.0            0.4            0.0146    0.00244
     3       3.0            0.5            0.0325    0.00485
     3       3.0            0.6            0.0551    0.00351
     3       3.0            1.             0.152    0.00513
     3       3.0            2.0             0.257    0.00763
     3       3.0            3.0             0.326    0.00951
     3       3.0            4.0             0.377     0.0121
     3       6.0            0.1           0.00424    0.00124
     3       6.0            0.2            0.0111    0.00240
     3       6.0            0.3            0.0369    0.00567
     3       6.0            0.4            0.0413    0.00573
     3       6.0            0.5            0.0675    0.00812
     3       6.0            0.6            0.0997    0.00499
     3       6.0            1.             0.226    0.00668
     3       6.0            2.0             0.344    0.00946
     3       6.0            3.0             0.403     0.0110
     3       6.0            4.0             0.436     0.0127
     3       10.0           0.1            0.0133    0.00324
     3       10.0           0.2            0.0256    0.00480
     3       10.0           0.3            0.0564    0.00748
     3       10.0           0.4            0.0593    0.00714
     3       10.0           0.5            0.0851    0.00873
     3       10.0           0.6             0.126    0.00543
     3       10.0           1.             0.268    0.00753
     3       10.0           2.0             0.383     0.0103
     3       10.0           3.0             0.420     0.0113
     3       10.0           4.0             0.432     0.0123
     3       20.0           0.1            0.0273    0.00574
     3       20.0           0.2            0.0420    0.00682
     3       20.0           0.3            0.0700    0.00779
     3       20.0           0.4            0.0766    0.00748
     3       20.0           0.5            0.0966    0.00817
     3       20.0           0.6             0.147    0.00555
     3       20.0           1.             0.292    0.00798
     3       20.0           2.0             0.378     0.0100
     3       20.0           3.0             0.374    0.00997
     3       20.0           4.0             0.360     0.0102
     3       100.0          0.1            0.0340    0.00666
     3       100.0          0.2            0.0490    0.00765
     3       100.0          0.3            0.0682    0.00740
     3       100.0          0.4            0.0966     0.0108
     3       100.0          0.5            0.0958    0.00830
     3       100.0          0.6             0.153    0.00609
     3       100.0          1.             0.255    0.00715
     3       100.0          2.0             0.260    0.00702
     3       100.0          3.0             0.215    0.00580
     3       100.0          4.0             0.187    0.00541
     4       0.5            0.1              0.00       0.00
     4       0.5            0.2              0.00       0.00
     4       0.5            0.3              0.00       0.00
     4       0.5            0.4              0.00       0.00
     4       0.5            0.5              0.00       0.00
     4       0.5            0.6              0.00       0.00
     4       0.5            1.           0.00228   0.000240
     4       0.5            2.0            0.0142    0.00102
     4       0.5            3.0            0.0310    0.00218
     4       0.5            4.0            0.0489    0.00620
     4       1.0            0.1              0.00       0.00
     4       1.0            0.2              0.00       0.00
     4       1.0            0.3              0.00       0.00
     4       1.0            0.4              0.00       0.00
     4       1.0            0.5          0.000109   3.67e-05
     4       1.0            0.6           0.00157   0.000274
     4       1.0            1.            0.0240    0.00165
     4       1.0            2.0            0.0685    0.00364
     4       1.0            3.0             0.104    0.00553
     4       1.0            4.0             0.131     0.0118
     4       3.0            0.1              0.00       0.00
     4       3.0            0.2           0.00102   0.000530
     4       3.0            0.3           0.00326    0.00104
     4       3.0            0.4            0.0115    0.00290
     4       3.0            0.5            0.0152    0.00322
     4       3.0            0.6            0.0390    0.00364
     4       3.0            1.             0.124    0.00540
     4       3.0            2.0             0.206    0.00753
     4       3.0            3.0             0.258    0.00919
     4       3.0            4.0             0.292     0.0152
     4       6.0            0.1           0.00104   0.000554
     4       6.0            0.2           0.00886    0.00327
     4       6.0            0.3            0.0201    0.00473
     4       6.0            0.4            0.0380    0.00755
     4       6.0            0.5            0.0476    0.00791
     4       6.0            0.6            0.0834    0.00595
     4       6.0            1.             0.199    0.00698
     4       6.0            2.0             0.294    0.00916
     4       6.0            3.0             0.341     0.0105
     4       6.0            4.0             0.370     0.0153
     4       10.0           0.1           0.00579    0.00225
     4       10.0           0.2            0.0203    0.00595
     4       10.0           0.3            0.0403    0.00779
     4       10.0           0.4            0.0582    0.00978
     4       10.0           0.5            0.0708     0.0100
     4       10.0           0.6             0.113    0.00659
     4       10.0           1.             0.245    0.00778
     4       10.0           2.0             0.342    0.00998
     4       10.0           3.0             0.372     0.0109
     4       10.0           4.0             0.390     0.0147
     4       20.0           0.1            0.0193    0.00642
     4       20.0           0.2            0.0355    0.00807
     4       20.0           0.3            0.0613    0.00976
     4       20.0           0.4            0.0758     0.0103
     4       20.0           0.5            0.0911     0.0104
     4       20.0           0.6             0.139    0.00662
     4       20.0           1.             0.279    0.00825
     4       20.0           2.0             0.357     0.0101
     4       20.0           3.0             0.355     0.0102
     4       20.0           4.0             0.351     0.0128
     4       100.0          0.1            0.0347     0.0106
     4       100.0          0.2            0.0481    0.00969
     4       100.0          0.3            0.0676     0.0100
     4       100.0          0.4            0.0774    0.00947
     4       100.0          0.5             0.103     0.0118
     4       100.0          0.6             0.146    0.00664
     4       100.0          1.             0.263    0.00784
     4       100.0          2.0             0.274    0.00792
     4       100.0          3.0             0.230    0.00679
     4       100.0          4.0             0.206    0.00806
     5       0.5            0.1              0.00       0.00
     5       0.5            0.2              0.00       0.00
     5       0.5            0.3              0.00       0.00
     5       0.5            0.4              0.00       0.00
     5       0.5            0.5              0.00       0.00
     5       0.5            0.6              0.00       0.00
     5       0.5            1.          0.000612   2.29e-05
     5       0.5            2.0           0.00582   0.000181
     5       0.5            3.0            0.0194   0.000567
     5       1.0            0.1              0.00       0.00
     5       1.0            0.2              0.00       0.00
     5       1.0            0.3              0.00       0.00
     5       1.0            0.4              0.00       0.00
     5       1.0            0.5              0.00       0.00
     5       1.0            0.6          0.000569   2.56e-05
     5       1.0            1.            0.0117   0.000348
     5       1.0            2.0            0.0422    0.00118
     5       1.0            3.0            0.0805    0.00219
     5       3.0            0.1              0.00       0.00
     5       3.0            0.2          0.000162   1.60e-05
     5       3.0            0.3           0.00149   9.89e-05
     5       3.0            0.4           0.00421   0.000237
     5       3.0            0.5           0.00936   0.000471
     5       3.0            0.6            0.0277   0.000859
     5       3.0            1.            0.0930    0.00246
     5       3.0            2.0             0.161    0.00418
     5       3.0            3.0             0.215    0.00552
     5       6.0            0.1          0.000525   4.91e-05
     5       6.0            0.2           0.00388   0.000245
     5       6.0            0.3            0.0137   0.000689
     5       6.0            0.4            0.0248    0.00110
     5       6.0            0.5            0.0390    0.00160
     5       6.0            0.6            0.0717    0.00204
     5       6.0            1.             0.160    0.00412
     5       6.0            2.0             0.238    0.00606
     5       6.0            3.0             0.286    0.00725
     5       10.0           0.1           0.00367   0.000261
     5       10.0           0.2            0.0138   0.000715
     5       10.0           0.3            0.0316    0.00139
     5       10.0           0.4            0.0475    0.00188
     5       10.0           0.5            0.0651    0.00240
     5       10.0           0.6             0.102    0.00279
     5       10.0           1.             0.202    0.00514
     5       10.0           2.0             0.281    0.00710
     5       10.0           3.0             0.313    0.00790
     5       20.0           0.1            0.0147   0.000845
     5       20.0           0.2            0.0321    0.00143
     5       20.0           0.3            0.0532    0.00205
     5       20.0           0.4            0.0703    0.00247
     5       20.0           0.5            0.0893    0.00294
     5       20.0           0.6             0.128    0.00338
     5       20.0           1.             0.232    0.00587
     5       20.0           2.0             0.299    0.00754
     5       20.0           3.0             0.301    0.00759
     5       100.0          0.1            0.0320    0.00165
     5       100.0          0.2            0.0472    0.00190
     5       100.0          0.3            0.0639    0.00224
     5       100.0          0.4            0.0801    0.00259
     5       100.0          0.5            0.0982    0.00301
     5       100.0          0.6             0.134    0.00347
     5       100.0          1.             0.220    0.00555
     5       100.0          2.0             0.242    0.00610
     5       100.0          3.0             0.203    0.00511
     6       0.5            0.1              0.00       0.00
     6       0.5            0.2              0.00       0.00
     6       0.5            0.3              0.00       0.00
     6       0.5            0.4              0.00       0.00
     6       0.5            0.5              0.00       0.00
     6       0.5            0.6              0.00       0.00
     6       0.5            1.          0.000177   7.27e-06
     6       0.5            2.0           0.00279   9.67e-05
     6       0.5            3.0           0.00610   0.000225
     6       1.0            0.1              0.00       0.00
     6       1.0            0.2              0.00       0.00
     6       1.0            0.3              0.00       0.00
     6       1.0            0.4              0.00       0.00
     6       1.0            0.5              0.00       0.00
     6       1.0            0.6          0.000186   8.77e-06
     6       1.0            1.           0.00599   0.000186
     6       1.0            2.0            0.0286   0.000842
     6       1.0            3.0            0.0390    0.00124
     6       3.0            0.1              0.00       0.00
     6       3.0            0.2              0.00       0.00
     6       3.0            0.3          0.000565   3.65e-05
     6       3.0            0.4           0.00214   0.000118
     6       3.0            0.5           0.00491   0.000244
     6       3.0            0.6            0.0190   0.000593
     6       3.0            1.            0.0720    0.00193
     6       3.0            2.0             0.136    0.00360
     6       3.0            3.0             0.130    0.00359
     6       6.0            0.1          0.000165   1.72e-05
     6       6.0            0.2           0.00236   0.000140
     6       6.0            0.3           0.00841   0.000409
     6       6.0            0.4            0.0181   0.000778
     6       6.0            0.5            0.0287    0.00115
     6       6.0            0.6            0.0606    0.00172
     6       6.0            1.             0.136    0.00352
     6       6.0            2.0             0.208    0.00535
     6       6.0            3.0             0.184    0.00485
     6       10.0           0.1           0.00164   0.000124
     6       10.0           0.2            0.0104   0.000505
     6       10.0           0.3            0.0238    0.00100
     6       10.0           0.4            0.0403    0.00154
     6       10.0           0.5            0.0550    0.00198
     6       10.0           0.6            0.0935    0.00255
     6       10.0           1.             0.177    0.00452
     6       10.0           2.0             0.249    0.00635
     6       10.0           3.0             0.211    0.00545
     6       20.0           0.1           0.00923   0.000521
     6       20.0           0.2            0.0286    0.00119
     6       20.0           0.3            0.0466    0.00173
     6       20.0           0.4            0.0669    0.00229
     6       20.0           0.5            0.0826    0.00268
     6       20.0           0.6             0.124    0.00326
     6       20.0           1.             0.210    0.00532
     6       20.0           2.0             0.269    0.00681
     6       20.0           3.0             0.213    0.00546
     6       100.0          0.1            0.0281    0.00136
     6       100.0          0.2            0.0470    0.00178
     6       100.0          0.3            0.0619    0.00209
     6       100.0          0.4            0.0819    0.00256
     6       100.0          0.5            0.0950    0.00285
     6       100.0          0.6             0.133    0.00344
     6       100.0          1.             0.203    0.00512
     6       100.0          2.0             0.222    0.00560
     6       100.0          3.0             0.155    0.00399
     7       0.5            0.1              0.00       0.00
     7       0.5            0.2              0.00       0.00
     7       0.5            0.3              0.00       0.00
     7       0.5            0.4              0.00       0.00
     7       0.5            0.5              0.00       0.00
     7       0.5            0.6              0.00       0.00
     7       0.5            1.              0.00       0.00
     7       0.5            2.0          0.000286   1.56e-05
     7       1.0            0.1              0.00       0.00
     7       1.0            0.2              0.00       0.00
     7       1.0            0.3              0.00       0.00
     7       1.0            0.4              0.00       0.00
     7       1.0            0.5              0.00       0.00
     7       1.0            0.6              0.00       0.00
     7       1.0            1.           0.00297   9.84e-05
     7       1.0            2.0           0.00833   0.000344
     7       3.0            0.1              0.00       0.00
     7       3.0            0.2              0.00       0.00
     7       3.0            0.3          0.000199   1.27e-05
     7       3.0            0.4          0.000988   5.27e-05
     7       3.0            0.5           0.00251   0.000122
     7       3.0            0.6            0.0126   0.000394
     7       3.0            1.            0.0525    0.00143
     7       3.0            2.0            0.0765    0.00244
     7       6.0            0.1              0.00       0.00
     7       6.0            0.2           0.00119   6.56e-05
     7       6.0            0.3           0.00495   0.000228
     7       6.0            0.4            0.0125   0.000511
     7       6.0            0.5            0.0206   0.000803
     7       6.0            0.6            0.0488    0.00139
     7       6.0            1.             0.109    0.00285
     7       6.0            2.0             0.132    0.00380
     7       10.0           0.1          0.000989   6.43e-05
     7       10.0           0.2           0.00687   0.000310
     7       10.0           0.3            0.0175   0.000694
     7       10.0           0.4            0.0332    0.00120
     7       10.0           0.5            0.0452    0.00159
     7       10.0           0.6            0.0816    0.00222
     7       10.0           1.             0.147    0.00379
     7       10.0           2.0             0.165    0.00453
     7       20.0           0.1           0.00731   0.000364
     7       20.0           0.2            0.0236   0.000912
     7       20.0           0.3            0.0407    0.00143
     7       20.0           0.4            0.0621    0.00203
     7       20.0           0.5            0.0749    0.00238
     7       20.0           0.6             0.115    0.00302
     7       20.0           1.             0.181    0.00459
     7       20.0           2.0             0.184    0.00488
     7       100.0          0.1            0.0272    0.00118
     7       100.0          0.2            0.0460    0.00162
     7       100.0          0.3            0.0611    0.00196
     7       100.0          0.4            0.0814    0.00245
     7       100.0          0.5            0.0941    0.00276
     7       100.0          0.6             0.131    0.00338
     7       100.0          1.             0.179    0.00451
     7       100.0          2.0             0.151    0.00396
     8       0.5            0.1              0.00       0.00
     8       0.5            0.2              0.00       0.00
     8       0.5            0.3              0.00       0.00
     8       0.5            0.4              0.00       0.00
     8       0.5            0.5              0.00       0.00
     8       0.5            0.6              0.00       0.00
     8       0.5            1.              0.00       0.00
     8       1.0            0.1              0.00       0.00
     8       1.0            0.2              0.00       0.00
     8       1.0            0.3              0.00       0.00
     8       1.0            0.4              0.00       0.00
     8       1.0            0.5              0.00       0.00
     8       1.0            0.6              0.00       0.00
     8       1.0            1.              0.00       0.00
     8       3.0            0.1              0.00       0.00
     8       3.0            0.2              0.00       0.00
     8       3.0            0.3              0.00       0.00
     8       3.0            0.4          0.000522   2.69e-05
     8       3.0            0.5           0.00145   7.30e-05
     8       3.0            0.6           0.00864   0.000277
     8       3.0            1.            0.0170   0.000817
     8       6.0            0.1              0.00       0.00
     8       6.0            0.2          0.000641   3.26e-05
     8       6.0            0.3           0.00335   0.000143
     8       6.0            0.4           0.00922   0.000366
     8       6.0            0.5            0.0157   0.000618
     8       6.0            0.6            0.0402    0.00115
     8       6.0            1.            0.0605    0.00237
     8       10.0           0.1          0.000583   3.44e-05
     8       10.0           0.2           0.00480   0.000198
     8       10.0           0.3            0.0145   0.000534
     8       10.0           0.4            0.0283   0.000995
     8       10.0           0.5            0.0393    0.00138
     8       10.0           0.6            0.0727    0.00198
     8       10.0           1.            0.0972    0.00339
     8       20.0           0.1           0.00532   0.000242
     8       20.0           0.2            0.0204   0.000722
     8       20.0           0.3            0.0398    0.00131
     8       20.0           0.4            0.0597    0.00190
     8       20.0           0.5            0.0724    0.00228
     8       20.0           0.6             0.109    0.00288
     8       20.0           1.             0.135    0.00417
     8       100.0          0.1            0.0233   0.000930
     8       100.0          0.2            0.0471    0.00154
     8       100.0          0.3            0.0668    0.00203
     8       100.0          0.4            0.0852    0.00250
     8       100.0          0.5            0.0985    0.00285
     8       100.0          0.6             0.134    0.00345
     8       100.0          1.             0.156    0.00444
     9       0.5            0.1              0.00       0.00
     9       0.5            0.2              0.00       0.00
     9       0.5            0.3              0.00       0.00
     9       1.0            0.1              0.00       0.00
     9       1.0            0.2              0.00       0.00
     9       1.0            0.3              0.00       0.00
     9       3.0            0.1              0.00       0.00
     9       3.0            0.2              0.00       0.00
     9       3.0            0.3              0.00       0.00
     9       6.0            0.1              0.00       0.00
     9       6.0            0.2          0.000379   1.96e-05
     9       6.0            0.3           0.00147   7.70e-05
     9       10.0           0.1          0.000334   1.77e-05
     9       10.0           0.2           0.00367   0.000151
     9       10.0           0.3           0.00916   0.000397
     9       20.0           0.1           0.00420   0.000174
     9       20.0           0.2            0.0195   0.000675
     9       20.0           0.3            0.0335    0.00124
     9       100.0          0.1            0.0233   0.000860
     9       100.0          0.2            0.0552    0.00175
     9       100.0          0.3            0.0692    0.00232
     9.5     0.5            0.1              0.00       0.00
     9.5     1.0            0.1              0.00       0.00
     9.5     3.0            0.1              0.00       0.00
     9.5     6.0            0.1              0.00       0.00
     9.5     10.0           0.1              0.00       0.00
     9.5     20.0           0.1           0.00123   8.35e-05
     9.5     100.0          0.1            0.0118   0.000743