# min_pT_[GeV]  N_entries

         0         0
    0.0015         0
     0.003         0
    0.0045         0
     0.006         2
    0.0075         0
     0.009         0
    0.0105         4
     0.012         3
    0.0135         1
     0.015         4
    0.0165         2
     0.018         5
    0.0195         5
     0.021         4
    0.0225         5
     0.024         2
    0.0255         5
     0.027         4
    0.0285         3
      0.03         3
    0.0315         2
     0.033         6
    0.0345         7
     0.036         6
    0.0375         8
     0.039         9
    0.0405         6
     0.042        10
    0.0435         3
     0.045        10
    0.0465        10
     0.048         9
    0.0495         5
     0.051         8
    0.0525         4
     0.054        10
    0.0555         8
     0.057        10
    0.0585         6
      0.06         9
    0.0615        10
     0.063        10
    0.0645        11
     0.066        12
    0.0675         8
     0.069        11
    0.0705        14
     0.072        13
    0.0735         6
     0.075         7
    0.0765         7
     0.078         8
    0.0795        14
     0.081         7
    0.0825         9
     0.084         7
    0.0855        11
     0.087         8
    0.0885        11
      0.09        14
    0.0915         9
     0.093        16
    0.0945         9
     0.096        11
    0.0975         8
     0.099        14
    0.1005         8
     0.102        10
    0.1035        10
     0.105        15
    0.1065         7
     0.108         9
    0.1095         7
     0.111        12
    0.1125        17
     0.114        17
    0.1155        16
     0.117         7
    0.1185        10
      0.12        13
    0.1215        14
     0.123        13
    0.1245        15
     0.126        19
    0.1275        11
     0.129        16
    0.1305        12
     0.132        11
    0.1335        11
     0.135        14
    0.1365        18
     0.138        14
    0.1395        19
     0.141        12
    0.1425        14
     0.144        16
    0.1455        11
     0.147        18
    0.1485        10
      0.15        14
    0.1515        15
     0.153        14
    0.1545        21
     0.156        14
    0.1575        11
     0.159        15
    0.1605        19
     0.162        17
    0.1635        20
     0.165        20
    0.1665        18
     0.168        19
    0.1695        18
     0.171        14
    0.1725        15
     0.174        15
    0.1755        15
     0.177        23
    0.1785        25
      0.18        22
    0.1815        18
     0.183        24
    0.1845        22
     0.186        26
    0.1875        19
     0.189        21
    0.1905        19
     0.192        17
    0.1935        17
     0.195        20
    0.1965        18
     0.198        16
    0.1995        22
     0.201        12
    0.2025        20
     0.204        13
    0.2055        11
     0.207        21
    0.2085        22
      0.21        24
    0.2115        19
     0.213        23
    0.2145        18
     0.216        25
    0.2175        17
     0.219        21
    0.2205        30
     0.222        18
    0.2235        11
     0.225        21
    0.2265        17
     0.228        23
    0.2295        15
     0.231        17
    0.2325        23
     0.234        20
    0.2355        23
     0.237        30
    0.2385        27
      0.24        25
    0.2415        25
     0.243        22
    0.2445        16
     0.246        25
    0.2475        35
     0.249        19
    0.2505        25
     0.252        17
    0.2535        19
     0.255        32
    0.2565        28
     0.258        17
    0.2595        18
     0.261        30
    0.2625        32
     0.264        25
    0.2655        28
     0.267        23
    0.2685        19
      0.27        32
    0.2715        26
     0.273        22
    0.2745        22
     0.276        20
    0.2775        22
     0.279        20
    0.2805        22
     0.282        24
    0.2835        22
     0.285        22
    0.2865        34
     0.288        31
    0.2895        31
     0.291        32
    0.2925        33
     0.294        30
    0.2955        21
     0.297        28
    0.2985        23
       0.3        30
    0.3015        25
     0.303        28
    0.3045        18
     0.306        35
    0.3075        27
     0.309        23
    0.3105        29
     0.312        25
    0.3135        27
     0.315        30
    0.3165        37
     0.318        32
    0.3195        26
     0.321        31
    0.3225        27
     0.324        30
    0.3255        39
     0.327        40
    0.3285        47
      0.33        47
    0.3315        31
     0.333        23
    0.3345        41
     0.336        27
    0.3375        22
     0.339        27
    0.3405        29
     0.342        25
    0.3435        35
     0.345        25
    0.3465        32
     0.348        30
    0.3495        39
     0.351        47
    0.3525        42
     0.354        28
    0.3555        34
     0.357        36
    0.3585        36
      0.36        32
    0.3615        38
     0.363        30
    0.3645        37
     0.366        38
    0.3675        20
     0.369        34
    0.3705        26
     0.372        29
    0.3735        23
     0.375        29
    0.3765        32
     0.378        21
    0.3795        42
     0.381        33
    0.3825        38
     0.384        36
    0.3855        48
     0.387        46
    0.3885        24
      0.39        39
    0.3915        31
     0.393        34
    0.3945        40
     0.396        25
    0.3975        27
     0.399        27
    0.4005        30
     0.402        33
    0.4035        33
     0.405        32
    0.4065        39
     0.408        31
    0.4095        32
     0.411        38
    0.4125        27
     0.414        23
    0.4155        38
     0.417        40
    0.4185        30
      0.42        33
    0.4215        46
     0.423        27
    0.4245        28
     0.426        33
    0.4275        37
     0.429        30
    0.4305        40
     0.432        35
    0.4335        30
     0.435        44
    0.4365        32
     0.438        35
    0.4395        43
     0.441        42
    0.4425        36
     0.444        38
    0.4455        30
     0.447        32
    0.4485        44
      0.45        37
    0.4515        26
     0.453        36
    0.4545        30
     0.456        33
    0.4575        33
     0.459        39
    0.4605        31
     0.462        37
    0.4635        34
     0.465        35
    0.4665        35
     0.468        36
    0.4695        38
     0.471        30
    0.4725        35
     0.474        51
    0.4755        45
     0.477        44
    0.4785        36
      0.48        33
    0.4815        41
     0.483        42
    0.4845        38
     0.486        38
    0.4875        45
     0.489        38
    0.4905        41
     0.492        47
    0.4935        38
     0.495        33
    0.4965        44
     0.498        49
    0.4995        33
     0.501        45
    0.5025        45
     0.504        34
    0.5055        34
     0.507        51
    0.5085        47
      0.51        50
    0.5115        42
     0.513        50
    0.5145        35
     0.516        40
    0.5175        42
     0.519        30
    0.5205        35
     0.522        41
    0.5235        49
     0.525        41
    0.5265        43
     0.528        41
    0.5295        39
     0.531        42
    0.5325        44
     0.534        40
    0.5355        43
     0.537        39
    0.5385        31
      0.54        50
    0.5415        40
     0.543        39
    0.5445        48
     0.546        48
    0.5475        46
     0.549        50
    0.5505        41
     0.552        46
    0.5535        39
     0.555        45
    0.5565        38
     0.558        41
    0.5595        50
     0.561        40
    0.5625        30
     0.564        42
    0.5655        41
     0.567        51
    0.5685        37
      0.57        36
    0.5715        35
     0.573        48
    0.5745        37
     0.576        40
    0.5775        45
     0.579        38
    0.5805        45
     0.582        39
    0.5835        48
     0.585        61
    0.5865        52
     0.588        45
    0.5895        44
     0.591        40
    0.5925        58
     0.594        45
    0.5955        39
     0.597        46
    0.5985        50
       0.6        48
    0.6015        39
     0.603        40
    0.6045        57
     0.606        46
    0.6075        46
     0.609        42
    0.6105        49
     0.612        40
    0.6135        44
     0.615        50
    0.6165        48
     0.618        48
    0.6195        56
     0.621        48
    0.6225        43
     0.624        47
    0.6255        30
     0.627        46
    0.6285        41
      0.63        49
    0.6315        54
     0.633        42
    0.6345        38
     0.636        48
    0.6375        53
     0.639        44
    0.6405        44
     0.642        48
    0.6435        52
     0.645        48
    0.6465        49
     0.648        49
    0.6495        45
     0.651        57
    0.6525        47
     0.654        49
    0.6555        57
     0.657        55
    0.6585        54
      0.66        52
    0.6615        50
     0.663        47
    0.6645        43
     0.666        37
    0.6675        39
     0.669        51
    0.6705        49
     0.672        41
    0.6735        41
     0.675        53
    0.6765        54
     0.678        50
    0.6795        56
     0.681        46
    0.6825        46
     0.684        43
    0.6855        48
     0.687        46
    0.6885        43
      0.69        49
    0.6915        38
     0.693        40
    0.6945        54
     0.696        61
    0.6975        41
     0.699        53
    0.7005        42
     0.702        55
    0.7035        52
     0.705        43
    0.7065        52
     0.708        52
    0.7095        45
     0.711        54
    0.7125        53
     0.714        38
    0.7155        42
     0.717        54
    0.7185        54
      0.72        65
    0.7215        54
     0.723        47
    0.7245        50
     0.726        50
    0.7275        62
     0.729        51
    0.7305        52
     0.732        60
    0.7335        60
     0.735        48
    0.7365        56
     0.738        44
    0.7395        56
     0.741        50
    0.7425        59
     0.744        40
    0.7455        50
     0.747        55
    0.7485        48
      0.75        53
    0.7515        63
     0.753        39
    0.7545        46
     0.756        52
    0.7575        56
     0.759        31
    0.7605        50
     0.762        48
    0.7635        46
     0.765        64
    0.7665        49
     0.768        45
    0.7695        41
     0.771        54
    0.7725        55
     0.774        47
    0.7755        53
     0.777        53
    0.7785        64
      0.78        41
    0.7815        41
     0.783        53
    0.7845        54
     0.786        48
    0.7875        57
     0.789        68
    0.7905        63
     0.792        55
    0.7935        49
     0.795        61
    0.7965        47
     0.798        44
    0.7995        67
     0.801        68
    0.8025        68
     0.804        56
    0.8055        59
     0.807        55
    0.8085        57
      0.81        60
    0.8115        50
     0.813        68
    0.8145        60
     0.816        41
    0.8175        45
     0.819        58
    0.8205        67
     0.822        49
    0.8235        54
     0.825        32
    0.8265        57
     0.828        59
    0.8295        58
     0.831        45
    0.8325        58
     0.834        55
    0.8355        50
     0.837        60
    0.8385        51
      0.84        66
    0.8415        73
     0.843        58
    0.8445        57
     0.846        76
    0.8475        60
     0.849        50
    0.8505        56
     0.852        62
    0.8535        62
     0.855        74
    0.8565        63
     0.858        55
    0.8595        52
     0.861        69
    0.8625        60
     0.864        55
    0.8655        50
     0.867        56
    0.8685        64
      0.87        45
    0.8715        67
     0.873        71
    0.8745        59
     0.876        44
    0.8775        63
     0.879        48
    0.8805        54
     0.882        57
    0.8835        59
     0.885        56
    0.8865        65
     0.888        70
    0.8895        57
     0.891        65
    0.8925        60
     0.894        49
    0.8955        55
     0.897        63
    0.8985        59
       0.9        50
    0.9015        62
     0.903        69
    0.9045        68
     0.906        58
    0.9075        55
     0.909        51
    0.9105        61
     0.912        71
    0.9135        42
     0.915        58
    0.9165        61
     0.918        64
    0.9195        63
     0.921        52
    0.9225        61
     0.924        53
    0.9255        54
     0.927        62
    0.9285        67
      0.93        59
    0.9315        49
     0.933        58
    0.9345        66
     0.936        54
    0.9375        50
     0.939        50
    0.9405        56
     0.942        70
    0.9435        49
     0.945        66
    0.9465        48
     0.948        63
    0.9495        50
     0.951        66
    0.9525        62
     0.954        53
    0.9555        67
     0.957        65
    0.9585        58
      0.96        47
    0.9615        56
     0.963        66
    0.9645        56
     0.966        60
    0.9675        68
     0.969        61
    0.9705        56
     0.972        58
    0.9735        53
     0.975        66
    0.9765        56
     0.978        51
    0.9795        54
     0.981        64
    0.9825        59
     0.984        49
    0.9855        58
     0.987        64
    0.9885        55
      0.99        57
    0.9915        65
     0.993        66
    0.9945        56
     0.996        58
    0.9975        56
     0.999        65
    1.0005        53
     1.002        57
    1.0035        65
     1.005        58
    1.0065        50
     1.008        66
    1.0095        62
     1.011        50
    1.0125        62
     1.014        70
    1.0155        48
     1.017        76
    1.0185        67
      1.02        48
    1.0215        59
     1.023        62
    1.0245        46
     1.026        53
    1.0275        69
     1.029        59
    1.0305        60
     1.032        58
    1.0335        58
     1.035        73
    1.0365        64
     1.038        67
    1.0395        72
     1.041        71
    1.0425        59
     1.044        55
    1.0455        68
     1.047        50
    1.0485        57
      1.05        56
    1.0515        49
     1.053        65
    1.0545        59
     1.056        52
    1.0575        61
     1.059        63
    1.0605        55
     1.062        43
    1.0635        67
     1.065        80
    1.0665        61
     1.068        73
    1.0695        67
     1.071        58
    1.0725        60
     1.074        58
    1.0755        70
     1.077        68
    1.0785        72
      1.08        66
    1.0815        61
     1.083        73
    1.0845        50
     1.086        74
    1.0875        65
     1.089        65
    1.0905        60
     1.092        77
    1.0935        79
     1.095        64
    1.0965        77
     1.098        51
    1.0995        70
     1.101        61
    1.1025        80
     1.104        57
    1.1055        65
     1.107        63
    1.1085        66
      1.11        64
    1.1115        73
     1.113        57
    1.1145        63
     1.116        70
    1.1175        62
     1.119        63
    1.1205        70
     1.122        79
    1.1235        80
     1.125        67
    1.1265        72
     1.128        61
    1.1295        69
     1.131        49
    1.1325        62
     1.134        54
    1.1355        67
     1.137        58
    1.1385        74
      1.14        57
    1.1415        71
     1.143        57
    1.1445        63
     1.146        66
    1.1475        69
     1.149        58
    1.1505        68
     1.152        66
    1.1535        56
     1.155        57
    1.1565        53
     1.158        79
    1.1595        72
     1.161        62
    1.1625        73
     1.164        52
    1.1655        72
     1.167        65
    1.1685        74
      1.17        50
    1.1715        63
     1.173        64
    1.1745        74
     1.176        68
    1.1775        69
     1.179        59
    1.1805        57
     1.182        70
    1.1835        72
     1.185        63
    1.1865        74
     1.188        66
    1.1895        69
     1.191        72
    1.1925        73
     1.194        63
    1.1955        78
     1.197        64
    1.1985        64
       1.2        66
    1.2015        69
     1.203        60
    1.2045        63
     1.206        61
    1.2075        68
     1.209        66
    1.2105        68
     1.212        68
    1.2135        66
     1.215        69
    1.2165        63
     1.218        60
    1.2195        61
     1.221        70
    1.2225        57
     1.224        63
    1.2255        71
     1.227        68
    1.2285        60
      1.23        69
    1.2315        75
     1.233        62
    1.2345        73
     1.236        63
    1.2375        64
     1.239        65
    1.2405        47
     1.242        51
    1.2435        67
     1.245        75
    1.2465        59
     1.248        77
    1.2495        76
     1.251        71
    1.2525        78
     1.254        54
    1.2555        64
     1.257        81
    1.2585        75
      1.26        81
    1.2615        84
     1.263        61
    1.2645        67
     1.266        63
    1.2675        59
     1.269        81
    1.2705        70
     1.272        67
    1.2735        70
     1.275        61
    1.2765        54
     1.278        72
    1.2795        61
     1.281        77
    1.2825        57
     1.284        67
    1.2855        62
     1.287        75
    1.2885        69
      1.29        82
    1.2915        85
     1.293        77
    1.2945        74
     1.296        60
    1.2975        69
     1.299        57
    1.3005        70
     1.302        69
    1.3035        73
     1.305        76
    1.3065        67
     1.308        79
    1.3095        73
     1.311        66
    1.3125        56
     1.314        87
    1.3155        73
     1.317        70
    1.3185        61
      1.32        86
    1.3215        65
     1.323        58
    1.3245        64
     1.326        75
    1.3275        77
     1.329        68
    1.3305        74
     1.332        82
    1.3335        66
     1.335        69
    1.3365        59
     1.338        82
    1.3395        79
     1.341        49
    1.3425        54
     1.344        65
    1.3455        76
     1.347        67
    1.3485        60
      1.35        54
    1.3515        65
     1.353        65
    1.3545        68
     1.356        64
    1.3575        86
     1.359        85
    1.3605        64
     1.362        57
    1.3635        74
     1.365        60
    1.3665        68
     1.368        75
    1.3695        71
     1.371        46
    1.3725        73
     1.374        77
    1.3755        63
     1.377        66
    1.3785        89
      1.38        83
    1.3815        67
     1.383        67
    1.3845        75
     1.386        74
    1.3875        73
     1.389        72
    1.3905        69
     1.392        77
    1.3935        89
     1.395        76
    1.3965        66
     1.398        62
    1.3995        71
     1.401        73
    1.4025        86
     1.404        89
    1.4055        77
     1.407        57
    1.4085        74
      1.41        76
    1.4115        70
     1.413        65
    1.4145        62
     1.416        66
    1.4175        57
     1.419        83
    1.4205        63
     1.422        69
    1.4235        57
     1.425        71
    1.4265        60
     1.428        63
    1.4295        64
     1.431        76
    1.4325        67
     1.434        57
    1.4355        61
     1.437        51
    1.4385        82
      1.44        69
    1.4415        75
     1.443        74
    1.4445        73
     1.446        67
    1.4475        56
     1.449        77
    1.4505        85
     1.452        63
    1.4535        60
     1.455        67
    1.4565        78
     1.458        80
    1.4595        75
     1.461        90
    1.4625        66
     1.464        64
    1.4655        73
     1.467        66
    1.4685        71
      1.47        76
    1.4715        72
     1.473        67
    1.4745        72
     1.476        77
    1.4775        90
     1.479        61
    1.4805        59
     1.482        70
    1.4835        74
     1.485        70
    1.4865        68
     1.488        69
    1.4895        68
     1.491        73
    1.4925        75
     1.494        71
    1.4955        77
     1.497        65
    1.4985        80
       1.5        67
    1.5015        71
     1.503        72
    1.5045        82
     1.506        94
    1.5075        71
     1.509        65
    1.5105        71
     1.512        68
    1.5135        81
     1.515        81
    1.5165        64
     1.518        63
    1.5195        80
     1.521        68
    1.5225        75
     1.524        72
    1.5255        61
     1.527        80
    1.5285        68
      1.53        64
    1.5315        83
     1.533        72
    1.5345        79
     1.536        75
    1.5375        77
     1.539        78
    1.5405        75
     1.542        62
    1.5435        74
     1.545        67
    1.5465        54
     1.548        71
    1.5495        69
     1.551        68
    1.5525        78
     1.554        69
    1.5555        76
     1.557        84
    1.5585        71
      1.56        72
    1.5615        75
     1.563        66
    1.5645        82
     1.566        78
    1.5675        63
     1.569        73
    1.5705        69
     1.572        80
    1.5735        71
     1.575        68
    1.5765        86
     1.578        68
    1.5795        69
     1.581        87
    1.5825        70
     1.584        89
    1.5855        61
     1.587        80
    1.5885        86
      1.59        68
    1.5915        80
     1.593        71
    1.5945        70
     1.596        73
    1.5975        72
     1.599        76
    1.6005        62
     1.602        64
    1.6035        81
     1.605        77
    1.6065        64
     1.608        77
    1.6095        75
     1.611        84
    1.6125        79
     1.614        69
    1.6155        79
     1.617        72
    1.6185        51
      1.62        67
    1.6215        49
     1.623        70
    1.6245        81
     1.626        69
    1.6275        79
     1.629        79
    1.6305        66
     1.632        64
    1.6335        71
     1.635        80
    1.6365        76
     1.638        71
    1.6395        62
     1.641        79
    1.6425        91
     1.644        61
    1.6455        83
     1.647        73
    1.6485        74
      1.65        79
    1.6515        78
     1.653        73
    1.6545        85
     1.656        83
    1.6575        73
     1.659        64
    1.6605        69
     1.662        58
    1.6635        63
     1.665        78
    1.6665        72
     1.668        80
    1.6695        72
     1.671        77
    1.6725        79
     1.674        63
    1.6755        84
     1.677        78
    1.6785        74
      1.68        80
    1.6815        73
     1.683        83
    1.6845        68
     1.686        72
    1.6875        73
     1.689        68
    1.6905        72
     1.692        74
    1.6935        60
     1.695        80
    1.6965        69
     1.698        87
    1.6995        81
     1.701        67
    1.7025        82
     1.704        85
    1.7055        89
     1.707        57
    1.7085        59
      1.71        73
    1.7115        64
     1.713        66
    1.7145        68
     1.716        71
    1.7175        68
     1.719        66
    1.7205        91
     1.722        65
    1.7235        94
     1.725        56
    1.7265        94
     1.728        72
    1.7295        76
     1.731        90
    1.7325        87
     1.734        78
    1.7355        86
     1.737        78
    1.7385        70
      1.74        76
    1.7415        72
     1.743        81
    1.7445        76
     1.746        67
    1.7475        68
     1.749        75
    1.7505        67
     1.752        70
    1.7535        81
     1.755        62
    1.7565        71
     1.758        68
    1.7595        77
     1.761        83
    1.7625        67
     1.764        90
    1.7655        74
     1.767        77
    1.7685        61
      1.77        76
    1.7715        62
     1.773        62
    1.7745        56
     1.776        73
    1.7775        70
     1.779        76
    1.7805        67
     1.782        77
    1.7835        60
     1.785        80
    1.7865        69
     1.788        77
    1.7895        91
     1.791        63
    1.7925        77
     1.794        66
    1.7955        59
     1.797        72
    1.7985        97
       1.8        73
    1.8015        65
     1.803        73
    1.8045        90
     1.806        70
    1.8075        65
     1.809        79
    1.8105        88
     1.812        72
    1.8135        79
     1.815        63
    1.8165        69
     1.818        78
    1.8195        71
     1.821        81
    1.8225        74
     1.824        58
    1.8255        74
     1.827        86
    1.8285        57
      1.83        73
    1.8315        81
     1.833        81
    1.8345        65
     1.836        77
    1.8375        83
     1.839        69
    1.8405        74
     1.842        74
    1.8435        86
     1.845        81
    1.8465        78
     1.848        85
    1.8495        79
     1.851        88
    1.8525        84
     1.854        67
    1.8555        75
     1.857        58
    1.8585        67
      1.86        64
    1.8615        60
     1.863        82
    1.8645        71
     1.866        76
    1.8675        73
     1.869        96
    1.8705        70
     1.872        83
    1.8735        59
     1.875        76
    1.8765        84
     1.878        74
    1.8795        68
     1.881        74
    1.8825        72
     1.884        70
    1.8855        76
     1.887        78
    1.8885        69
      1.89        78
    1.8915        74
     1.893        84
    1.8945        67
     1.896        84
    1.8975        90
     1.899        83
    1.9005        76
     1.902        79
    1.9035        78
     1.905        82
    1.9065        66
     1.908        85
    1.9095        63
     1.911        84
    1.9125        68
     1.914        84
    1.9155        79
     1.917        82
    1.9185        74
      1.92        84
    1.9215        85
     1.923        88
    1.9245        69
     1.926        62
    1.9275        81
     1.929        65
    1.9305        63
     1.932        77
    1.9335        76
     1.935        62
    1.9365        87
     1.938        53
    1.9395        73
     1.941        74
    1.9425        93
     1.944        82
    1.9455        79
     1.947        93
    1.9485        83
      1.95        80
    1.9515        87
     1.953        68
    1.9545        67
     1.956        59
    1.9575        78
     1.959        77
    1.9605        80
     1.962        68
    1.9635        63
     1.965        81
    1.9665        75
     1.968        64
    1.9695        77
     1.971        74
    1.9725        86
     1.974        68
    1.9755        72
     1.977        76
    1.9785        73
      1.98        78
    1.9815        86
     1.983        79
    1.9845        70
     1.986        58
    1.9875        80
     1.989        79
    1.9905        73
     1.992        81
    1.9935        96
     1.995        83
    1.9965        80
     1.998        97
    1.9995        77
     2.001        76
    2.0025        81
     2.004        82
    2.0055        81
     2.007        62
    2.0085        80
      2.01        75
    2.0115        80
     2.013        85
    2.0145        73
     2.016        68
    2.0175        80
     2.019        69
    2.0205        75
     2.022        91
    2.0235        79
     2.025        77
    2.0265        75
     2.028        84
    2.0295        86
     2.031        95
    2.0325        88
     2.034        78
    2.0355        75
     2.037        78
    2.0385        75
      2.04        74
    2.0415        74
     2.043        82
    2.0445        73
     2.046        70
    2.0475        67
     2.049        80
    2.0505        72
     2.052        67
    2.0535        72
     2.055        81
    2.0565        88
     2.058        84
    2.0595        69
     2.061        74
    2.0625        69
     2.064        70
    2.0655        80
     2.067        79
    2.0685        79
      2.07        73
    2.0715        81
     2.073        74
    2.0745        77
     2.076        69
    2.0775        62
     2.079        87
    2.0805        84
     2.082        79
    2.0835        85
     2.085        66
    2.0865        78
     2.088        71
    2.0895        76
     2.091        84
    2.0925        78
     2.094        80
    2.0955        74
     2.097        74
    2.0985        74
       2.1        84
    2.1015        86
     2.103        78
    2.1045        76
     2.106        71
    2.1075        74
     2.109        76
    2.1105        77
     2.112        61
    2.1135        74
     2.115        81
    2.1165        84
     2.118        75
    2.1195        78
     2.121        92
    2.1225        73
     2.124        62
    2.1255        80
     2.127        80
    2.1285        78
      2.13        73
    2.1315        82
     2.133        75
    2.1345        78
     2.136        88
    2.1375        77
     2.139        77
    2.1405        72
     2.142        69
    2.1435        87
     2.145        67
    2.1465        75
     2.148        79
    2.1495        58
     2.151        86
    2.1525        73
     2.154        83
    2.1555        87
     2.157        65
    2.1585        77
      2.16        84
    2.1615        81
     2.163        72
    2.1645        55
     2.166        63
    2.1675        66
     2.169        64
    2.1705        73
     2.172        88
    2.1735        74
     2.175        80
    2.1765        71
     2.178        71
    2.1795        86
     2.181        78
    2.1825        72
     2.184        72
    2.1855        80
     2.187        77
    2.1885        68
      2.19        72
    2.1915        79
     2.193        59
    2.1945        71
     2.196        85
    2.1975        74
     2.199        82
    2.2005        74
     2.202        68
    2.2035        77
     2.205        63
    2.2065        71
     2.208        75
    2.2095        69
     2.211        75
    2.2125        79
     2.214        66
    2.2155        79
     2.217        69
    2.2185        61
      2.22        73
    2.2215        82
     2.223        75
    2.2245        75
     2.226        81
    2.2275        91
     2.229        83
    2.2305        83
     2.232        87
    2.2335        77
     2.235        80
    2.2365        70
     2.238        71
    2.2395        79
     2.241        82
    2.2425        73
     2.244        86
    2.2455        80
     2.247        79
    2.2485        77
      2.25        69
    2.2515        70
     2.253        76
    2.2545        68
     2.256        85
    2.2575        75
     2.259        86
    2.2605        75
     2.262        85
    2.2635        75
     2.265        72
    2.2665        71
     2.268        69
    2.2695        75
     2.271        91
    2.2725        90
     2.274        73
    2.2755        79
     2.277        75
    2.2785        86
      2.28        82
    2.2815        74
     2.283        74
    2.2845        79
     2.286        72
    2.2875        77
     2.289        81
    2.2905        61
     2.292        81
    2.2935        77
     2.295        84
    2.2965        86
     2.298        62
    2.2995        66
     2.301        76
    2.3025        59
     2.304        78
    2.3055        64
     2.307        97
    2.3085        72
      2.31        71
    2.3115        82
     2.313        82
    2.3145        86
     2.316        75
    2.3175        80
     2.319        79
    2.3205        85
     2.322        83
    2.3235        98
     2.325        66
    2.3265        73
     2.328        74
    2.3295        72
     2.331        64
    2.3325        89
     2.334        69
    2.3355        81
     2.337        83
    2.3385        79
      2.34        67
    2.3415        82
     2.343        77
    2.3445        82
     2.346        78
    2.3475        88
     2.349        80
    2.3505        71
     2.352        86
    2.3535        77
     2.355        71
    2.3565        67
     2.358        75
    2.3595        77
     2.361        70
    2.3625        76
     2.364        60
    2.3655        73
     2.367        89
    2.3685        78
      2.37        69
    2.3715        66
     2.373        79
    2.3745        70
     2.376        58
    2.3775        83
     2.379        89
    2.3805        63
     2.382        83
    2.3835        74
     2.385        72
    2.3865        62
     2.388        64
    2.3895        63
     2.391        66
    2.3925        74
     2.394        77
    2.3955        76
     2.397        63
    2.3985        76
       2.4        69
    2.4015        75
     2.403        66
    2.4045        74
     2.406        68
    2.4075        78
     2.409        80
    2.4105        78
     2.412        81
    2.4135        84
     2.415        68
    2.4165        75
     2.418        88
    2.4195        85
     2.421        86
    2.4225        88
     2.424        76
    2.4255        73
     2.427        87
    2.4285        80
      2.43        75
    2.4315        71
     2.433        66
    2.4345        65
     2.436        83
    2.4375        87
     2.439        87
    2.4405        71
     2.442        85
    2.4435        75
     2.445        64
    2.4465        77
     2.448        95
    2.4495        79
     2.451        76
    2.4525        76
     2.454        99
    2.4555        79
     2.457        70
    2.4585        79
      2.46        86
    2.4615        73
     2.463        82
    2.4645        72
     2.466        90
    2.4675        78
     2.469        56
    2.4705        70
     2.472        99
    2.4735        66
     2.475        59
    2.4765        70
     2.478        76
    2.4795        87
     2.481        69
    2.4825        77
     2.484        80
    2.4855        57
     2.487        74
    2.4885        74
      2.49        64
    2.4915        76
     2.493        89
    2.4945        85
     2.496        89
    2.4975        76
     2.499        72
    2.5005        82
     2.502        68
    2.5035        81
     2.505        63
    2.5065        73
     2.508        72
    2.5095        85
     2.511        66
    2.5125        80
     2.514        67
    2.5155        80
     2.517        69
    2.5185        66
      2.52        78
    2.5215        66
     2.523        73
    2.5245        79
     2.526        85
    2.5275        71
     2.529        72
    2.5305        71
     2.532        72
    2.5335        78
     2.535        73
    2.5365        68
     2.538        85
    2.5395        75
     2.541        85
    2.5425        73
     2.544        70
    2.5455        75
     2.547        83
    2.5485        86
      2.55        83
    2.5515        77
     2.553        70
    2.5545        76
     2.556        87
    2.5575        92
     2.559        81
    2.5605        73
     2.562        90
    2.5635        73
     2.565        91
    2.5665        92
     2.568        78
    2.5695        92
     2.571        69
    2.5725        81
     2.574        72
    2.5755        74
     2.577        74
    2.5785        82
      2.58        80
    2.5815        77
     2.583        83
    2.5845        67
     2.586        71
    2.5875        91
     2.589        66
    2.5905        81
     2.592        83
    2.5935        81
     2.595        89
    2.5965        73
     2.598        89
    2.5995        75
     2.601        76
    2.6025        73
     2.604        56
    2.6055        68
     2.607        85
    2.6085        87
      2.61        79
    2.6115        86
     2.613        67
    2.6145        63
     2.616        87
    2.6175        83
     2.619        85
    2.6205        78
     2.622        75
    2.6235        59
     2.625        86
    2.6265        88
     2.628        70
    2.6295        65
     2.631        72
    2.6325        76
     2.634        68
    2.6355        72
     2.637        80
    2.6385        87
      2.64        82
    2.6415        57
     2.643        64
    2.6445        75
     2.646        69
    2.6475        70
     2.649        74
    2.6505        62
     2.652        87
    2.6535        78
     2.655        79
    2.6565        63
     2.658        87
    2.6595        72
     2.661        76
    2.6625        77
     2.664        62
    2.6655        77
     2.667        69
    2.6685        67
      2.67        82
    2.6715        84
     2.673        86
    2.6745        61
     2.676        72
    2.6775        83
     2.679        83
    2.6805        92
     2.682        72
    2.6835        88
     2.685        73
    2.6865        92
     2.688        79
    2.6895        76
     2.691        76
    2.6925        74
     2.694        82
    2.6955        69
     2.697        75
    2.6985        74
       2.7        90
    2.7015       110
     2.703        66
    2.7045        71
     2.706        60
    2.7075        71
     2.709        71
    2.7105        79
     2.712        77
    2.7135        76
     2.715        94
    2.7165        86
     2.718        80
    2.7195        88
     2.721        71
    2.7225        74
     2.724        82
    2.7255        70
     2.727        71
    2.7285        63
      2.73        74
    2.7315        77
     2.733        68
    2.7345        74
     2.736        74
    2.7375        83
     2.739        81
    2.7405        67
     2.742        76
    2.7435        66
     2.745        74
    2.7465        77
     2.748        82
    2.7495        78
     2.751        75
    2.7525        65
     2.754        90
    2.7555        67
     2.757        79
    2.7585        79
      2.76        63
    2.7615        78
     2.763        68
    2.7645        77
     2.766        71
    2.7675        75
     2.769        71
    2.7705        67
     2.772        74
    2.7735        72
     2.775        84
    2.7765        81
     2.778        73
    2.7795        77
     2.781        80
    2.7825        82
     2.784        86
    2.7855        86
     2.787        71
    2.7885        79
      2.79        72
    2.7915        97
     2.793        67
    2.7945        73
     2.796        68
    2.7975        73
     2.799        72
    2.8005        84
     2.802        89
    2.8035        86
     2.805        80
    2.8065        72
     2.808        87
    2.8095        72
     2.811        65
    2.8125        71
     2.814        76
    2.8155        86
     2.817        66
    2.8185        80
      2.82        88
    2.8215        76
     2.823        62
    2.8245        92
     2.826        78
    2.8275        61
     2.829        76
    2.8305        72
     2.832        83
    2.8335        64
     2.835        98
    2.8365        75
     2.838        79
    2.8395        76
     2.841        76
    2.8425        83
     2.844        82
    2.8455        75
     2.847        88
    2.8485        84
      2.85        84
    2.8515        62
     2.853        87
    2.8545        84
     2.856        79
    2.8575        78
     2.859        76
    2.8605        70
     2.862        81
    2.8635        80
     2.865        74
    2.8665        72
     2.868        91
    2.8695        98
     2.871        58
    2.8725        74
     2.874        84
    2.8755        76
     2.877        85
    2.8785        84
      2.88        73
    2.8815        90
     2.883        65
    2.8845        79
     2.886        70
    2.8875        77
     2.889        68
    2.8905        87
     2.892        76
    2.8935        77
     2.895        73
    2.8965        78
     2.898        59
    2.8995        63
     2.901        74
    2.9025        89
     2.904        67
    2.9055        89
     2.907        68
    2.9085        82
      2.91        74
    2.9115        75
     2.913        69
    2.9145        83
     2.916        79
    2.9175        71
     2.919        71
    2.9205        69
     2.922        88
    2.9235        67
     2.925        82
    2.9265        75
     2.928        84
    2.9295        77
     2.931        78
    2.9325        64
     2.934        99
    2.9355        62
     2.937        61
    2.9385        84
      2.94        75
    2.9415        75
     2.943        77
    2.9445        60
     2.946        70
    2.9475        82
     2.949        69
    2.9505        76
     2.952        73
    2.9535        67
     2.955        81
    2.9565        86
     2.958        70
    2.9595        55
     2.961        70
    2.9625        57
     2.964        73
    2.9655        79
     2.967        52
    2.9685        77
      2.97        86
    2.9715        59
     2.973        70
    2.9745        69
     2.976        83
    2.9775        79
     2.979        69
    2.9805        74
     2.982        79
    2.9835        76
     2.985        77
    2.9865        57
     2.988        81
    2.9895        71
     2.991        78
    2.9925        65
     2.994        75
    2.9955        61
     2.997        68
    2.9985        66
         3        76
    3.0015        77
     3.003        88
    3.0045        77
     3.006        81
    3.0075        76
     3.009        72
    3.0105        71
     3.012        88
    3.0135        77
     3.015        79
    3.0165        74
     3.018        73
    3.0195        70
     3.021        70
    3.0225        80
     3.024        86
    3.0255        80
     3.027        68
    3.0285        69
      3.03        83
    3.0315        73
     3.033        73
    3.0345        74
     3.036        82
    3.0375        70
     3.039        65
    3.0405        70
     3.042        80
    3.0435        64
     3.045        61
    3.0465        77
     3.048        61
    3.0495        77
     3.051        90
    3.0525        71
     3.054        69
    3.0555        66
     3.057        64
    3.0585        73
      3.06        79
    3.0615        78
     3.063        76
    3.0645        76
     3.066        89
    3.0675        68
     3.069        66
    3.0705        82
     3.072        68
    3.0735        76
     3.075        81
    3.0765        87
     3.078        73
    3.0795        65
     3.081        78
    3.0825        75
     3.084        70
    3.0855        76
     3.087        82
    3.0885        65
      3.09        79
    3.0915        74
     3.093        77
    3.0945        73
     3.096        74
    3.0975        76
     3.099        64
    3.1005        59
     3.102        73
    3.1035        67
     3.105        92
    3.1065        63
     3.108        62
    3.1095        77
     3.111        72
    3.1125        72
     3.114        68
    3.1155        76
     3.117        68
    3.1185        59
      3.12        82
    3.1215        70
     3.123        72
    3.1245        79
     3.126        66
    3.1275        85
     3.129        61
    3.1305        70
     3.132        75
    3.1335        72
     3.135        68
    3.1365        77
     3.138        86
    3.1395        81
     3.141        63
    3.1425        65
     3.144        79
    3.1455        72
     3.147        64
    3.1485        70
      3.15        76
    3.1515        79
     3.153        85
    3.1545        74
     3.156        81
    3.1575        84
     3.159        74
    3.1605        93
     3.162        63
    3.1635        65
     3.165        74
    3.1665        64
     3.168        72
    3.1695        75
     3.171        76
    3.1725        78
     3.174        80
    3.1755        78
     3.177        65
    3.1785        64
      3.18        49
    3.1815        65
     3.183        70
    3.1845        66
     3.186        83
    3.1875        79
     3.189        80
    3.1905        76
     3.192        71
    3.1935        71
     3.195        74
    3.1965        70
     3.198        74
    3.1995        76
     3.201        67
    3.2025        72
     3.204        72
    3.2055        89
     3.207        71
    3.2085        73
      3.21        86
    3.2115        82
     3.213        83
    3.2145        90
     3.216        68
    3.2175        71
     3.219        83
    3.2205        67
     3.222        72
    3.2235        65
     3.225        74
    3.2265        69
     3.228        62
    3.2295        75
     3.231        72
    3.2325        67
     3.234        57
    3.2355        66
     3.237        78
    3.2385        64
      3.24        64
    3.2415        65
     3.243        72
    3.2445        73
     3.246        72
    3.2475        67
     3.249        81
    3.2505        56
     3.252        76
    3.2535        70
     3.255        60
    3.2565        75
     3.258        75
    3.2595        82
     3.261        61
    3.2625        56
     3.264        78
    3.2655        67
     3.267        67
    3.2685        76
      3.27        79
    3.2715        54
     3.273        72
    3.2745        65
     3.276        85
    3.2775        78
     3.279        60
    3.2805        77
     3.282        83
    3.2835        62
     3.285        74
    3.2865        61
     3.288        78
    3.2895        64
     3.291        70
    3.2925        76
     3.294        66
    3.2955        69
     3.297        83
    3.2985        72
       3.3        76
    3.3015        67
     3.303        61
    3.3045        69
     3.306        61
    3.3075        71
     3.309        62
    3.3105        68
     3.312        65
    3.3135        81
     3.315        52
    3.3165        59
     3.318        80
    3.3195        70
     3.321        76
    3.3225        72
     3.324        67
    3.3255        64
     3.327        48
    3.3285        66
      3.33        75
    3.3315        79
     3.333        60
    3.3345        68
     3.336        72
    3.3375        62
     3.339        71
    3.3405        68
     3.342        73
    3.3435        60
     3.345        61
    3.3465        66
     3.348        70
    3.3495        72
     3.351        62
    3.3525        71
     3.354        69
    3.3555        74
     3.357        75
    3.3585        64
      3.36        56
    3.3615        66
     3.363        75
    3.3645        60
     3.366        58
    3.3675        62
     3.369        75
    3.3705        61
     3.372        64
    3.3735        67
     3.375        74
    3.3765        56
     3.378        60
    3.3795        72
     3.381        81
    3.3825        62
     3.384        60
    3.3855        63
     3.387        67
    3.3885        65
      3.39        62
    3.3915        69
     3.393        70
    3.3945        81
     3.396        73
    3.3975        71
     3.399        73
    3.4005        66
     3.402        76
    3.4035        64
     3.405        65
    3.4065        63
     3.408        66
    3.4095        74
     3.411        67
    3.4125        70
     3.414        70
    3.4155        71
     3.417        63
    3.4185        86
      3.42        75
    3.4215        64
     3.423        62
    3.4245        71
     3.426        76
    3.4275        73
     3.429        70
    3.4305        66
     3.432        70
    3.4335        67
     3.435        75
    3.4365        73
     3.438        66
    3.4395        66
     3.441        56
    3.4425        77
     3.444        77
    3.4455        69
     3.447        75
    3.4485        57
      3.45        72
    3.4515        67
     3.453        63
    3.4545        63
     3.456        77
    3.4575        65
     3.459        90
    3.4605        45
     3.462        75
    3.4635        62
     3.465        69
    3.4665        60
     3.468        74
    3.4695        67
     3.471        76
    3.4725        73
     3.474        68
    3.4755        70
     3.477        66
    3.4785        62
      3.48        63
    3.4815        71
     3.483        75
    3.4845        75
     3.486        74
    3.4875        71
     3.489        71
    3.4905        73
     3.492        69
    3.4935        61
     3.495        67
    3.4965        72
     3.498        59
    3.4995        88
     3.501        64
    3.5025        74
     3.504        68
    3.5055        75
     3.507        82
    3.5085        55
      3.51        74
    3.5115        76
     3.513        89
    3.5145        54
     3.516        87
    3.5175        67
     3.519        79
    3.5205        57
     3.522        53
    3.5235        69
     3.525        71
    3.5265        71
     3.528        67
    3.5295        60
     3.531        70
    3.5325        57
     3.534        50
    3.5355        74
     3.537        75
    3.5385        69
      3.54        90
    3.5415        74
     3.543        68
    3.5445        66
     3.546        62
    3.5475        66
     3.549        71
    3.5505        65
     3.552        90
    3.5535        67
     3.555        62
    3.5565        72
     3.558        68
    3.5595        59
     3.561        78
    3.5625        71
     3.564        67
    3.5655        77
     3.567        61
    3.5685        56
      3.57        76
    3.5715        68
     3.573        69
    3.5745        74
     3.576        73
    3.5775        64
     3.579        63
    3.5805        83
     3.582        65
    3.5835        68
     3.585        65
    3.5865        65
     3.588        85
    3.5895        81
     3.591        57
    3.5925        59
     3.594        60
    3.5955        65
     3.597        78
    3.5985        62
       3.6        48
    3.6015        61
     3.603        71
    3.6045        75
     3.606        69
    3.6075        64
     3.609        57
    3.6105        53
     3.612        62
    3.6135        73
     3.615        56
    3.6165        81
     3.618        71
    3.6195        80
     3.621        48
    3.6225        72
     3.624        71
    3.6255        64
     3.627        56
    3.6285        68
      3.63        73
    3.6315        65
     3.633        82
    3.6345        72
     3.636        76
    3.6375        70
     3.639        66
    3.6405        72
     3.642        61
    3.6435        56
     3.645        50
    3.6465        63
     3.648        60
    3.6495        66
     3.651        87
    3.6525        70
     3.654        66
    3.6555        64
     3.657        76
    3.6585        71
      3.66        69
    3.6615        58
     3.663        60
    3.6645        65
     3.666        77
    3.6675        70
     3.669        70
    3.6705        70
     3.672        64
    3.6735        66
     3.675        86
    3.6765        48
     3.678        64
    3.6795        57
     3.681        60
    3.6825        57
     3.684        58
    3.6855        74
     3.687        58
    3.6885        71
      3.69        70
    3.6915        56
     3.693        54
    3.6945        67
     3.696        81
    3.6975        59
     3.699        71
    3.7005        78
     3.702        61
    3.7035        62
     3.705        56
    3.7065        60
     3.708        62
    3.7095        73
     3.711        59
    3.7125        63
     3.714        62
    3.7155        66
     3.717        75
    3.7185        60
      3.72        72
    3.7215        61
     3.723        64
    3.7245        63
     3.726        62
    3.7275        71
     3.729        70
    3.7305        67
     3.732        73
    3.7335        62
     3.735        60
    3.7365        78
     3.738        66
    3.7395        78
     3.741        63
    3.7425        61
     3.744        76
    3.7455        62
     3.747        61
    3.7485        56
      3.75        61
    3.7515        54
     3.753        69
    3.7545        74
     3.756        50
    3.7575        65
     3.759        56
    3.7605        61
     3.762        70
    3.7635        57
     3.765        61
    3.7665        48
     3.768        74
    3.7695        68
     3.771        66
    3.7725        77
     3.774        50
    3.7755        55
     3.777        62
    3.7785        56
      3.78        50
    3.7815        65
     3.783        74
    3.7845        54
     3.786        70
    3.7875        55
     3.789        65
    3.7905        69
     3.792        63
    3.7935        71
     3.795        64
    3.7965        66
     3.798        71
    3.7995        65
     3.801        69
    3.8025        72
     3.804        59
    3.8055        54
     3.807        62
    3.8085        58
      3.81        48
    3.8115        73
     3.813        57
    3.8145        63
     3.816        52
    3.8175        60
     3.819        58
    3.8205        66
     3.822        59
    3.8235        80
     3.825        72
    3.8265        65
     3.828        68
    3.8295        61
     3.831        60
    3.8325        59
     3.834        54
    3.8355        45
     3.837        52
    3.8385        62
      3.84        64
    3.8415        56
     3.843        47
    3.8445        56
     3.846        62
    3.8475        58
     3.849        63
    3.8505        65
     3.852        60
    3.8535        56
     3.855        53
    3.8565        41
     3.858        56
    3.8595        59
     3.861        71
    3.8625        61
     3.864        57
    3.8655        55
     3.867        59
    3.8685        49
      3.87        53
    3.8715        56
     3.873        67
    3.8745        56
     3.876        64
    3.8775        52
     3.879        55
    3.8805        64
     3.882        69
    3.8835        62
     3.885        59
    3.8865        54
     3.888        79
    3.8895        79
     3.891        62
    3.8925        58
     3.894        72
    3.8955        64
     3.897        49
    3.8985        63
       3.9        62
    3.9015        42
     3.903        61
    3.9045        58
     3.906        61
    3.9075        54
     3.909        55
    3.9105        71
     3.912        53
    3.9135        58
     3.915        63
    3.9165        62
     3.918        51
    3.9195        53
     3.921        75
    3.9225        57
     3.924        50
    3.9255        42
     3.927        64
    3.9285        54
      3.93        72
    3.9315        61
     3.933        72
    3.9345        58
     3.936        59
    3.9375        56
     3.939        52
    3.9405        62
     3.942        69
    3.9435        45
     3.945        70
    3.9465        53
     3.948        62
    3.9495        71
     3.951        51
    3.9525        58
     3.954        67
    3.9555        66
     3.957        56
    3.9585        61
      3.96        70
    3.9615        68
     3.963        48
    3.9645        70
     3.966        55
    3.9675        61
     3.969        65
    3.9705        62
     3.972        60
    3.9735        62
     3.975        50
    3.9765        58
     3.978        72
    3.9795        61
     3.981        62
    3.9825        62
     3.984        65
    3.9855        51
     3.987        46
    3.9885        55
      3.99        67
    3.9915        56
     3.993        76
    3.9945        61
     3.996        53
    3.9975        55
     3.999        67
    4.0005        76
     4.002        65
    4.0035        63
     4.005        62
    4.0065        59
     4.008        49
    4.0095        57
     4.011        58
    4.0125        69
     4.014        66
    4.0155        72
     4.017        50
    4.0185        48
      4.02        54
    4.0215        57
     4.023        55
    4.0245        67
     4.026        61
    4.0275        47
     4.029        74
    4.0305        54
     4.032        64
    4.0335        66
     4.035        59
    4.0365        47
     4.038        59
    4.0395        67
     4.041        59
    4.0425        52
     4.044        47
    4.0455        46
     4.047        50
    4.0485        63
      4.05        60
    4.0515        62
     4.053        57
    4.0545        42
     4.056        49
    4.0575        68
     4.059        66
    4.0605        44
     4.062        62
    4.0635        49
     4.065        67
    4.0665        68
     4.068        55
    4.0695        50
     4.071        44
    4.0725        47
     4.074        53
    4.0755        73
     4.077        69
    4.0785        51
      4.08        63
    4.0815        49
     4.083        53
    4.0845        60
     4.086        52
    4.0875        56
     4.089        59
    4.0905        49
     4.092        57
    4.0935        55
     4.095        68
    4.0965        55
     4.098        55
    4.0995        54
     4.101        53
    4.1025        65
     4.104        54
    4.1055        63
     4.107        58
    4.1085        62
      4.11        56
    4.1115        53
     4.113        53
    4.1145        71
     4.116        64
    4.1175        59
     4.119        45
    4.1205        66
     4.122        62
    4.1235        53
     4.125        41
    4.1265        59
     4.128        40
    4.1295        57
     4.131        58
    4.1325        48
     4.134        59
    4.1355        66
     4.137        47
    4.1385        55
      4.14        68
    4.1415        51
     4.143        54
    4.1445        63
     4.146        60
    4.1475        57
     4.149        44
    4.1505        49
     4.152        69
    4.1535        73
     4.155        49
    4.1565        53
     4.158        52
    4.1595        64
     4.161        53
    4.1625        44
     4.164        64
    4.1655        56
     4.167        61
    4.1685        43
      4.17        64
    4.1715        57
     4.173        59
    4.1745        71
     4.176        58
    4.1775        57
     4.179        59
    4.1805        58
     4.182        59
    4.1835        43
     4.185        60
    4.1865        58
     4.188        43
    4.1895        59
     4.191        52
    4.1925        63
     4.194        51
    4.1955        51
     4.197        55
    4.1985        49
       4.2        61
    4.2015        51
     4.203        48
    4.2045        63
     4.206        49
    4.2075        52
     4.209        72
    4.2105        62
     4.212        39
    4.2135        50
     4.215        59
    4.2165        59
     4.218        49
    4.2195        58
     4.221        54
    4.2225        54
     4.224        60
    4.2255        44
     4.227        61
    4.2285        60
      4.23        62
    4.2315        62
     4.233        68
    4.2345        56
     4.236        66
    4.2375        56
     4.239        54
    4.2405        48
     4.242        48
    4.2435        56
     4.245        58
    4.2465        55
     4.248        51
    4.2495        52
     4.251        58
    4.2525        56
     4.254        56
    4.2555        66
     4.257        49
    4.2585        55
      4.26        62
    4.2615        39
     4.263        53
    4.2645        60
     4.266        56
    4.2675        66
     4.269        53
    4.2705        48
     4.272        45
    4.2735        51
     4.275        50
    4.2765        56
     4.278        61
    4.2795        55
     4.281        52
    4.2825        49
     4.284        56
    4.2855        56
     4.287        53
    4.2885        47
      4.29        54
    4.2915        47
     4.293        49
    4.2945        66
     4.296        55
    4.2975        53
     4.299        62
    4.3005        42
     4.302        50
    4.3035        52
     4.305        71
    4.3065        42
     4.308        56
    4.3095        52
     4.311        56
    4.3125        58
     4.314        51
    4.3155        49
     4.317        48
    4.3185        48
      4.32        59
    4.3215        61
     4.323        44
    4.3245        49
     4.326        45
    4.3275        55
     4.329        61
    4.3305        53
     4.332        58
    4.3335        44
     4.335        48
    4.3365        42
     4.338        49
    4.3395        52
     4.341        44
    4.3425        46
     4.344        57
    4.3455        58
     4.347        48
    4.3485        64
      4.35        63
    4.3515        59
     4.353        48
    4.3545        52
     4.356        55
    4.3575        49
     4.359        50
    4.3605        69
     4.362        49
    4.3635        45
     4.365        42
    4.3665        48
     4.368        61
    4.3695        49
     4.371        58
    4.3725        57
     4.374        53
    4.3755        53
     4.377        55
    4.3785        41
      4.38        43
    4.3815        42
     4.383        48
    4.3845        51
     4.386        58
    4.3875        56
     4.389        57
    4.3905        49
     4.392        35
    4.3935        46
     4.395        43
    4.3965        51
     4.398        43
    4.3995        60
     4.401        51
    4.4025        57
     4.404        45
    4.4055        43
     4.407        50
    4.4085        54
      4.41        44
    4.4115        75
     4.413        45
    4.4145        54
     4.416        44
    4.4175        44
     4.419        45
    4.4205        48
     4.422        44
    4.4235        60
     4.425        49
    4.4265        44
     4.428        55
    4.4295        62
     4.431        48
    4.4325        38
     4.434        58
    4.4355        51
     4.437        41
    4.4385        47
      4.44        61
    4.4415        48
     4.443        48
    4.4445        50
     4.446        48
    4.4475        44
     4.449        49
    4.4505        45
     4.452        47
    4.4535        62
     4.455        55
    4.4565        44
     4.458        44
    4.4595        50
     4.461        45
    4.4625        46
     4.464        34
    4.4655        41
     4.467        58
    4.4685        56
      4.47        57
    4.4715        51
     4.473        47
    4.4745        52
     4.476        49
    4.4775        42
     4.479        57
    4.4805        51
     4.482        46
    4.4835        51
     4.485        56
    4.4865        52
     4.488        42
    4.4895        60
     4.491        41
    4.4925        45
     4.494        42
    4.4955        28
     4.497        42
    4.4985        50
       4.5        44
    4.5015        45
     4.503        41
    4.5045        48
     4.506        44
    4.5075        53
     4.509        41
    4.5105        34
     4.512        56
    4.5135        44
     4.515        49
    4.5165        46
     4.518        39
    4.5195        43
     4.521        41
    4.5225        60
     4.524        41
    4.5255        52
     4.527        44
    4.5285        40
      4.53        52
    4.5315        53
     4.533        35
    4.5345        42
     4.536        47
    4.5375        32
     4.539        39
    4.5405        43
     4.542        50
    4.5435        57
     4.545        48
    4.5465        50
     4.548        50
    4.5495        42
     4.551        49
    4.5525        53
     4.554        35
    4.5555        54
     4.557        43
    4.5585        49
      4.56        41
    4.5615        45
     4.563        47
    4.5645        37
     4.566        44
    4.5675        45
     4.569        39
    4.5705        48
     4.572        43
    4.5735        46
     4.575        33
    4.5765        45
     4.578        46
    4.5795        46
     4.581        42
    4.5825        46
     4.584        48
    4.5855        52
     4.587        52
    4.5885        39
      4.59        37
    4.5915        40
     4.593        45
    4.5945        45
     4.596        55
    4.5975        38
     4.599        50
    4.6005        39
     4.602        44
    4.6035        36
     4.605        44
    4.6065        57
     4.608        46
    4.6095        59
     4.611        41
    4.6125        43
     4.614        40
    4.6155        43
     4.617        59
    4.6185        42
      4.62        41
    4.6215        34
     4.623        44
    4.6245        44
     4.626        36
    4.6275        41
     4.629        36
    4.6305        45
     4.632        49
    4.6335        37
     4.635        55
    4.6365        46
     4.638        29
    4.6395        51
     4.641        36
    4.6425        45
     4.644        36
    4.6455        41
     4.647        42
    4.6485        42
      4.65        40
    4.6515        28
     4.653        50
    4.6545        29
     4.656        34
    4.6575        40
     4.659        38
    4.6605        39
     4.662        49
    4.6635        48
     4.665        48
    4.6665        48
     4.668        32
    4.6695        30
     4.671        41
    4.6725        37
     4.674        50
    4.6755        57
     4.677        43
    4.6785        46
      4.68        50
    4.6815        48
     4.683        39
    4.6845        42
     4.686        43
    4.6875        37
     4.689        48
    4.6905        37
     4.692        33
    4.6935        36
     4.695        44
    4.6965        44
     4.698        44
    4.6995        50
     4.701        37
    4.7025        33
     4.704        40
    4.7055        40
     4.707        39
    4.7085        36
      4.71        47
    4.7115        54
     4.713        42
    4.7145        42
     4.716        48
    4.7175        43
     4.719        32
    4.7205        42
     4.722        41
    4.7235        45
     4.725        37
    4.7265        33
     4.728        41
    4.7295        34
     4.731        27
    4.7325        21
     4.734        37
    4.7355        40
     4.737        45
    4.7385        34
      4.74        45
    4.7415        42
     4.743        40
    4.7445        32
     4.746        32
    4.7475        36
     4.749        38
    4.7505        42
     4.752        36
    4.7535        43
     4.755        38
    4.7565        34
     4.758        37
    4.7595        32
     4.761        45
    4.7625        37
     4.764        37
    4.7655        38
     4.767        34
    4.7685        49
      4.77        37
    4.7715        36
     4.773        43
    4.7745        35
     4.776        36
    4.7775        33
     4.779        31
    4.7805        26
     4.782        39
    4.7835        40
     4.785        35
    4.7865        34
     4.788        36
    4.7895        39
     4.791        37
    4.7925        41
     4.794        52
    4.7955        34
     4.797        52
    4.7985        36
       4.8        35
    4.8015        45
     4.803        33
    4.8045        38
     4.806        26
    4.8075        34
     4.809        38
    4.8105        28
     4.812        40
    4.8135        37
     4.815        35
    4.8165        35
     4.818        31
    4.8195        42
     4.821        42
    4.8225        50
     4.824        37
    4.8255        37
     4.827        37
    4.8285        38
      4.83        32
    4.8315        51
     4.833        35
    4.8345        32
     4.836        31
    4.8375        28
     4.839        36
    4.8405        35
     4.842        28
    4.8435        42
     4.845        34
    4.8465        33
     4.848        31
    4.8495        31
     4.851        37
    4.8525        42
     4.854        42
    4.8555        38
     4.857        46
    4.8585        37
      4.86        26
    4.8615        38
     4.863        35
    4.8645        33
     4.866        32
    4.8675        38
     4.869        34
    4.8705        28
     4.872        32
    4.8735        33
     4.875        27
    4.8765        35
     4.878        43
    4.8795        33
     4.881        35
    4.8825        29
     4.884        33
    4.8855        47
     4.887        33
    4.8885        38
      4.89        41
    4.8915        29
     4.893        36
    4.8945        26
     4.896        34
    4.8975        42
     4.899        31
    4.9005        41
     4.902        26
    4.9035        33
     4.905        42
    4.9065        35
     4.908        32
    4.9095        44
     4.911        43
    4.9125        38
     4.914        32
    4.9155        27
     4.917        37
    4.9185        37
      4.92        33
    4.9215        34
     4.923        38
    4.9245        31
     4.926        33
    4.9275        33
     4.929        24
    4.9305        27
     4.932        33
    4.9335        26
     4.935        34
    4.9365        33
     4.938        27
    4.9395        43
     4.941        32
    4.9425        32
     4.944        35
    4.9455        27
     4.947        37
    4.9485        30
      4.95        40
    4.9515        36
     4.953        22
    4.9545        26
     4.956        26
    4.9575        33
     4.959        28
    4.9605        40
     4.962        28
    4.9635        22
     4.965        30
    4.9665        31
     4.968        24
    4.9695        33
     4.971        31
    4.9725        22
     4.974        30
    4.9755        28
     4.977        20
    4.9785        25
      4.98        26
    4.9815        34
     4.983        18
    4.9845        39
     4.986        25
    4.9875        20
     4.989        25
    4.9905        28
     4.992        29
    4.9935        31
     4.995        32
    4.9965        29
     4.998        33
    4.9995        34
     5.001        18
    5.0025        32
     5.004        30
    5.0055        27
     5.007        26
    5.0085        38
      5.01        35
    5.0115        24
     5.013        23
    5.0145        27
     5.016        30
    5.0175        27
     5.019        30
    5.0205        28
     5.022        23
    5.0235        35
     5.025        29
    5.0265        29
     5.028        30
    5.0295        26
     5.031        20
    5.0325        27
     5.034        21
    5.0355        27
     5.037        24
    5.0385        23
      5.04        30
    5.0415        23
     5.043        30
    5.0445        23
     5.046        22
    5.0475        21
     5.049        14
    5.0505        17
     5.052        16
    5.0535        21
     5.055        17
    5.0565        36
     5.058        24
    5.0595        24
     5.061        27
    5.0625        27
     5.064        30
    5.0655        24
     5.067        13
    5.0685        16
      5.07        17
    5.0715        15
     5.073        14
    5.0745        20
     5.076        16
    5.0775        23
     5.079        29
    5.0805        29
     5.082        24
    5.0835        20
     5.085        19
    5.0865        29
     5.088        27
    5.0895        21
     5.091        23
    5.0925        17
     5.094        20
    5.0955        23
     5.097        23
    5.0985        15
       5.1        15
    5.1015        28
     5.103        20
    5.1045        27
     5.106        25
    5.1075        17
     5.109        31
    5.1105        19
     5.112        23
    5.1135        25
     5.115        22
    5.1165        23
     5.118        18
    5.1195        16
     5.121        22
    5.1225        18
     5.124        21
    5.1255        25
     5.127        21
    5.1285        23
      5.13        19
    5.1315        23
     5.133        19
    5.1345        21
     5.136        17
    5.1375        21
     5.139        12
    5.1405        18
     5.142        24
    5.1435        25
     5.145        17
    5.1465        20
     5.148        11
    5.1495        19
     5.151        18
    5.1525        16
     5.154        14
    5.1555        16
     5.157        17
    5.1585        17
      5.16        24
    5.1615        20
     5.163        16
    5.1645        17
     5.166        12
    5.1675        10
     5.169         5
    5.1705        12
     5.172        18
    5.1735        13
     5.175        18
    5.1765        16
     5.178        12
    5.1795        13
     5.181        22
    5.1825        17
     5.184         6
    5.1855        13
     5.187        15
    5.1885        15
      5.19        19
    5.1915        20
     5.193        11
    5.1945        12
     5.196        14
    5.1975        15
     5.199        15
    5.2005         9
     5.202        10
    5.2035        19
     5.205         8
    5.2065         8
     5.208        18
    5.2095        14
     5.211        12
    5.2125        20
     5.214        15
    5.2155        12
     5.217        20
    5.2185         9
      5.22        11
    5.2215         8
     5.223        12
    5.2245        12
     5.226         7
    5.2275         7
     5.229         8
    5.2305        12
     5.232        12
    5.2335        11
     5.235         5
    5.2365        12
     5.238        10
    5.2395         8
     5.241        12
    5.2425         7
     5.244         8
    5.2455         8
     5.247        12
    5.2485         9
      5.25         5
    5.2515         7
     5.253         8
    5.2545         8
     5.256         5
    5.2575         2
     5.259         3
    5.2605         2
     5.262         2
    5.2635         4
     5.265         3
    5.2665         2
     5.268         3
    5.2695         0
     5.271         0
    5.2725         0
     5.274         2
    5.2755         0
     5.277         0
    5.2785         0
      5.28         0
