# min_pT_[GeV]  N_entries

         0        52
    0.0015       104
     0.003       129
    0.0045       146
     0.006       166
    0.0075       178
     0.009       187
    0.0105       229
     0.012       222
    0.0135       222
     0.015       260
    0.0165       256
     0.018       265
    0.0195       322
     0.021       296
    0.0225       354
     0.024       303
    0.0255       340
     0.027       346
    0.0285       293
      0.03       351
    0.0315       359
     0.033       353
    0.0345       367
     0.036       378
    0.0375       386
     0.039       382
    0.0405       403
     0.042       403
    0.0435       426
     0.045       408
    0.0465       417
     0.048       480
    0.0495       453
     0.051       463
    0.0525       475
     0.054       440
    0.0555       426
     0.057       452
    0.0585       505
      0.06       488
    0.0615       469
     0.063       521
    0.0645       512
     0.066       498
    0.0675       515
     0.069       486
    0.0705       509
     0.072       509
    0.0735       536
     0.075       522
    0.0765       515
     0.078       581
    0.0795       530
     0.081       544
    0.0825       551
     0.084       543
    0.0855       587
     0.087       587
    0.0885       530
      0.09       575
    0.0915       550
     0.093       548
    0.0945       560
     0.096       582
    0.0975       527
     0.099       591
    0.1005       654
     0.102       633
    0.1035       578
     0.105       605
    0.1065       582
     0.108       592
    0.1095       538
     0.111       657
    0.1125       609
     0.114       667
    0.1155       653
     0.117       635
    0.1185       663
      0.12       618
    0.1215       669
     0.123       632
    0.1245       667
     0.126       720
    0.1275       652
     0.129       684
    0.1305       611
     0.132       682
    0.1335       623
     0.135       732
    0.1365       678
     0.138       655
    0.1395       698
     0.141       663
    0.1425       709
     0.144       749
    0.1455       721
     0.147       710
    0.1485       694
      0.15       722
    0.1515       715
     0.153       731
    0.1545       686
     0.156       736
    0.1575       740
     0.159       734
    0.1605       751
     0.162       715
    0.1635       764
     0.165       725
    0.1665       683
     0.168       739
    0.1695       779
     0.171       767
    0.1725       765
     0.174       733
    0.1755       767
     0.177       765
    0.1785       729
      0.18       791
    0.1815       725
     0.183       756
    0.1845       769
     0.186       775
    0.1875       799
     0.189       753
    0.1905       753
     0.192       810
    0.1935       814
     0.195       788
    0.1965       783
     0.198       820
    0.1995       765
     0.201       841
    0.2025       825
     0.204       804
    0.2055       868
     0.207       790
    0.2085       820
      0.21       833
    0.2115       810
     0.213       806
    0.2145       862
     0.216       858
    0.2175       789
     0.219       820
    0.2205       819
     0.222       793
    0.2235       868
     0.225       800
    0.2265       807
     0.228       866
    0.2295       833
     0.231       831
    0.2325       870
     0.234       844
    0.2355       843
     0.237       862
    0.2385       855
      0.24       861
    0.2415       842
     0.243       924
    0.2445       864
     0.246       849
    0.2475       836
     0.249       881
    0.2505       871
     0.252       837
    0.2535       866
     0.255       873
    0.2565       884
     0.258       860
    0.2595       794
     0.261       918
    0.2625       821
     0.264       863
    0.2655       831
     0.267       899
    0.2685       879
      0.27       776
    0.2715       904
     0.273       891
    0.2745       869
     0.276       885
    0.2775       941
     0.279       867
    0.2805       903
     0.282       918
    0.2835       901
     0.285       951
    0.2865       884
     0.288       862
    0.2895       870
     0.291       893
    0.2925       899
     0.294       899
    0.2955       864
     0.297       893
    0.2985       930
       0.3       884
    0.3015       946
     0.303       959
    0.3045       922
     0.306       940
    0.3075       909
     0.309       947
    0.3105       958
     0.312       896
    0.3135       927
     0.315       864
    0.3165       974
     0.318       912
    0.3195       917
     0.321       896
    0.3225       963
     0.324       926
    0.3255       955
     0.327       974
    0.3285       972
      0.33       964
    0.3315       960
     0.333       993
    0.3345       913
     0.336       959
    0.3375       976
     0.339       874
    0.3405       946
     0.342       941
    0.3435       946
     0.345       980
    0.3465       981
     0.348       970
    0.3495       953
     0.351       923
    0.3525       943
     0.354       916
    0.3555       984
     0.357       944
    0.3585       921
      0.36       949
    0.3615       964
     0.363       982
    0.3645       945
     0.366       971
    0.3675       954
     0.369       922
    0.3705       962
     0.372       965
    0.3735       963
     0.375       972
    0.3765      1016
     0.378       986
    0.3795       942
     0.381       942
    0.3825      1003
     0.384       947
    0.3855       997
     0.387       984
    0.3885      1039
      0.39       966
    0.3915      1027
     0.393       988
    0.3945      1014
     0.396       994
    0.3975       958
     0.399       986
    0.4005      1043
     0.402       973
    0.4035      1045
     0.405      1031
    0.4065      1005
     0.408      1054
    0.4095      1039
     0.411       994
    0.4125      1019
     0.414       965
    0.4155      1083
     0.417      1015
    0.4185       981
      0.42      1028
    0.4215       986
     0.423       994
    0.4245      1005
     0.426      1017
    0.4275      1079
     0.429       925
    0.4305      1033
     0.432      1017
    0.4335      1006
     0.435      1026
    0.4365       989
     0.438       986
    0.4395       940
     0.441      1041
    0.4425       989
     0.444      1056
    0.4455      1045
     0.447       991
    0.4485      1070
      0.45      1056
    0.4515      1041
     0.453      1025
    0.4545      1012
     0.456       935
    0.4575      1042
     0.459       987
    0.4605       997
     0.462      1024
    0.4635      1005
     0.465      1016
    0.4665       945
     0.468      1061
    0.4695      1046
     0.471      1066
    0.4725       990
     0.474       999
    0.4755      1010
     0.477      1001
    0.4785       981
      0.48      1083
    0.4815       999
     0.483      1028
    0.4845      1000
     0.486      1014
    0.4875      1026
     0.489      1015
    0.4905      1085
     0.492      1064
    0.4935      1075
     0.495      1065
    0.4965      1069
     0.498      1003
    0.4995      1036
     0.501      1030
    0.5025      1103
     0.504      1055
    0.5055      1052
     0.507      1035
    0.5085      1094
      0.51      1038
    0.5115      1028
     0.513      1105
    0.5145      1031
     0.516      1061
    0.5175      1047
     0.519      1060
    0.5205      1011
     0.522      1169
    0.5235      1050
     0.525      1077
    0.5265       961
     0.528      1092
    0.5295      1066
     0.531      1025
    0.5325      1051
     0.534      1023
    0.5355      1064
     0.537      1041
    0.5385      1075
      0.54      1052
    0.5415      1029
     0.543      1076
    0.5445      1013
     0.546      1098
    0.5475      1064
     0.549      1113
    0.5505      1069
     0.552      1047
    0.5535      1022
     0.555      1017
    0.5565      1071
     0.558      1002
    0.5595      1073
     0.561      1015
    0.5625      1109
     0.564      1065
    0.5655       999
     0.567      1099
    0.5685       994
      0.57      1096
    0.5715      1105
     0.573      1089
    0.5745      1012
     0.576      1054
    0.5775      1020
     0.579      1026
    0.5805      1104
     0.582      1094
    0.5835      1038
     0.585      1052
    0.5865      1079
     0.588       993
    0.5895      1119
     0.591      1054
    0.5925      1077
     0.594      1060
    0.5955      1077
     0.597       971
    0.5985      1097
       0.6      1048
    0.6015      1160
     0.603      1159
    0.6045      1076
     0.606      1070
    0.6075      1041
     0.609      1081
    0.6105      1084
     0.612      1105
    0.6135      1050
     0.615      1042
    0.6165      1053
     0.618      1045
    0.6195      1059
     0.621      1058
    0.6225      1120
     0.624      1107
    0.6255      1076
     0.627      1064
    0.6285      1049
      0.63      1044
    0.6315      1082
     0.633      1045
    0.6345      1081
     0.636      1066
    0.6375      1098
     0.639      1079
    0.6405      1080
     0.642      1113
    0.6435      1114
     0.645      1122
    0.6465      1056
     0.648      1062
    0.6495      1085
     0.651      1094
    0.6525      1081
     0.654      1086
    0.6555      1069
     0.657      1109
    0.6585      1081
      0.66      1085
    0.6615      1082
     0.663      1105
    0.6645       991
     0.666      1107
    0.6675      1110
     0.669      1072
    0.6705      1083
     0.672      1122
    0.6735      1117
     0.675      1113
    0.6765      1125
     0.678      1069
    0.6795      1146
     0.681      1095
    0.6825      1131
     0.684      1095
    0.6855      1068
     0.687      1144
    0.6885      1120
      0.69      1093
    0.6915      1127
     0.693      1076
    0.6945      1097
     0.696      1076
    0.6975      1070
     0.699      1070
    0.7005      1067
     0.702      1063
    0.7035      1068
     0.705      1023
    0.7065      1090
     0.708      1131
    0.7095      1073
     0.711      1048
    0.7125      1065
     0.714      1049
    0.7155      1112
     0.717      1093
    0.7185      1115
      0.72      1141
    0.7215      1113
     0.723      1164
    0.7245      1112
     0.726      1135
    0.7275      1160
     0.729      1045
    0.7305      1120
     0.732      1030
    0.7335      1153
     0.735      1094
    0.7365      1083
     0.738      1148
    0.7395      1100
     0.741      1042
    0.7425      1135
     0.744      1090
    0.7455      1061
     0.747      1039
    0.7485      1087
      0.75      1117
    0.7515      1097
     0.753      1067
    0.7545      1069
     0.756      1076
    0.7575      1116
     0.759      1073
    0.7605      1088
     0.762      1109
    0.7635      1101
     0.765      1077
    0.7665      1145
     0.768      1053
    0.7695      1069
     0.771      1100
    0.7725      1095
     0.774      1146
    0.7755      1087
     0.777      1131
    0.7785      1037
      0.78      1088
    0.7815      1108
     0.783      1103
    0.7845      1081
     0.786      1069
    0.7875      1097
     0.789      1116
    0.7905      1072
     0.792      1128
    0.7935      1100
     0.795      1083
    0.7965      1052
     0.798      1128
    0.7995      1046
     0.801      1076
    0.8025      1121
     0.804      1108
    0.8055      1084
     0.807      1156
    0.8085      1102
      0.81      1132
    0.8115      1059
     0.813      1091
    0.8145      1095
     0.816      1093
    0.8175      1097
     0.819      1117
    0.8205      1074
     0.822      1036
    0.8235      1062
     0.825      1124
    0.8265      1095
     0.828      1060
    0.8295      1145
     0.831      1057
    0.8325      1110
     0.834      1088
    0.8355      1095
     0.837      1155
    0.8385      1072
      0.84      1117
    0.8415      1124
     0.843      1116
    0.8445      1089
     0.846      1055
    0.8475      1071
     0.849      1108
    0.8505      1090
     0.852      1099
    0.8535      1109
     0.855      1062
    0.8565      1065
     0.858      1099
    0.8595      1128
     0.861      1093
    0.8625      1119
     0.864      1084
    0.8655      1073
     0.867      1105
    0.8685      1069
      0.87      1146
    0.8715      1101
     0.873      1098
    0.8745      1157
     0.876      1139
    0.8775      1072
     0.879      1083
    0.8805      1048
     0.882      1099
    0.8835      1070
     0.885      1127
    0.8865      1069
     0.888      1101
    0.8895      1094
     0.891      1033
    0.8925      1096
     0.894      1094
    0.8955      1138
     0.897      1146
    0.8985      1129
       0.9      1061
    0.9015      1179
     0.903      1157
    0.9045      1089
     0.906      1116
    0.9075      1122
     0.909      1093
    0.9105      1110
     0.912      1062
    0.9135      1072
     0.915      1058
    0.9165      1135
     0.918      1067
    0.9195      1130
     0.921      1076
    0.9225      1114
     0.924      1073
    0.9255      1072
     0.927      1118
    0.9285      1042
      0.93      1033
    0.9315      1129
     0.933      1078
    0.9345      1113
     0.936      1095
    0.9375      1054
     0.939      1029
    0.9405      1090
     0.942      1142
    0.9435      1114
     0.945      1160
    0.9465      1075
     0.948      1088
    0.9495      1128
     0.951      1123
    0.9525      1162
     0.954      1070
    0.9555      1170
     0.957      1057
    0.9585      1081
      0.96      1077
    0.9615      1063
     0.963      1125
    0.9645      1073
     0.966      1061
    0.9675      1078
     0.969      1082
    0.9705      1047
     0.972      1131
    0.9735      1118
     0.975      1077
    0.9765      1090
     0.978      1081
    0.9795      1079
     0.981      1042
    0.9825      1072
     0.984      1113
    0.9855      1121
     0.987      1113
    0.9885      1096
      0.99      1031
    0.9915      1088
     0.993      1127
    0.9945      1067
     0.996      1064
    0.9975      1096
     0.999      1097
    1.0005      1037
     1.002      1079
    1.0035      1082
     1.005      1119
    1.0065      1159
     1.008       998
    1.0095      1091
     1.011      1042
    1.0125      1059
     1.014      1112
    1.0155      1088
     1.017      1059
    1.0185      1093
      1.02      1067
    1.0215      1113
     1.023      1076
    1.0245      1054
     1.026      1038
    1.0275      1064
     1.029      1075
    1.0305      1146
     1.032      1089
    1.0335      1077
     1.035      1047
    1.0365      1098
     1.038      1068
    1.0395      1096
     1.041      1074
    1.0425      1127
     1.044      1072
    1.0455      1085
     1.047      1064
    1.0485      1041
      1.05      1077
    1.0515      1082
     1.053      1113
    1.0545      1101
     1.056      1137
    1.0575      1023
     1.059      1124
    1.0605      1119
     1.062      1079
    1.0635      1124
     1.065      1072
    1.0665      1064
     1.068      1105
    1.0695      1034
     1.071      1057
    1.0725      1068
     1.074      1050
    1.0755      1046
     1.077      1077
    1.0785      1064
      1.08      1093
    1.0815      1052
     1.083      1120
    1.0845      1066
     1.086      1112
    1.0875      1125
     1.089      1070
    1.0905      1053
     1.092      1137
    1.0935      1016
     1.095      1123
    1.0965      1028
     1.098      1054
    1.0995      1098
     1.101      1115
    1.1025      1064
     1.104      1050
    1.1055      1077
     1.107      1096
    1.1085      1069
      1.11      1093
    1.1115      1068
     1.113      1114
    1.1145      1098
     1.116      1112
    1.1175      1098
     1.119      1025
    1.1205      1055
     1.122      1044
    1.1235      1125
     1.125      1058
    1.1265      1071
     1.128      1001
    1.1295      1003
     1.131      1024
    1.1325      1072
     1.134      1048
    1.1355      1084
     1.137      1097
    1.1385      1025
      1.14      1080
    1.1415      1115
     1.143      1019
    1.1445      1067
     1.146      1090
    1.1475      1059
     1.149      1062
    1.1505      1060
     1.152      1101
    1.1535      1059
     1.155      1083
    1.1565      1070
     1.158      1133
    1.1595      1068
     1.161      1070
    1.1625      1018
     1.164      1028
    1.1655      1039
     1.167      1039
    1.1685      1057
      1.17      1073
    1.1715      1128
     1.173      1017
    1.1745      1099
     1.176      1128
    1.1775       992
     1.179      1017
    1.1805      1030
     1.182      1043
    1.1835      1060
     1.185      1004
    1.1865      1019
     1.188      1044
    1.1895      1060
     1.191      1115
    1.1925      1105
     1.194      1057
    1.1955      1075
     1.197      1046
    1.1985      1092
       1.2      1058
    1.2015       978
     1.203      1066
    1.2045      1053
     1.206      1080
    1.2075      1039
     1.209      1087
    1.2105      1103
     1.212      1005
    1.2135      1069
     1.215      1032
    1.2165      1060
     1.218      1058
    1.2195      1049
     1.221      1021
    1.2225      1044
     1.224      1032
    1.2255      1024
     1.227      1070
    1.2285      1124
      1.23      1067
    1.2315      1050
     1.233      1047
    1.2345      1096
     1.236      1046
    1.2375      1028
     1.239      1020
    1.2405      1090
     1.242      1063
    1.2435      1065
     1.245      1035
    1.2465      1058
     1.248      1047
    1.2495      1064
     1.251      1039
    1.2525      1048
     1.254      1094
    1.2555      1114
     1.257      1108
    1.2585       999
      1.26      1049
    1.2615      1120
     1.263      1038
    1.2645      1053
     1.266      1047
    1.2675      1071
     1.269      1041
    1.2705      1057
     1.272      1077
    1.2735      1041
     1.275      1038
    1.2765       956
     1.278      1073
    1.2795      1047
     1.281      1104
    1.2825      1036
     1.284      1013
    1.2855      1085
     1.287      1031
    1.2885      1069
      1.29      1032
    1.2915      1096
     1.293      1041
    1.2945      1019
     1.296      1023
    1.2975       984
     1.299      1037
    1.3005      1086
     1.302      1030
    1.3035      1068
     1.305      1055
    1.3065      1013
     1.308      1084
    1.3095      1010
     1.311       998
    1.3125      1059
     1.314      1006
    1.3155      1025
     1.317      1027
    1.3185      1090
      1.32      1083
    1.3215      1040
     1.323      1065
    1.3245       968
     1.326      1023
    1.3275       968
     1.329      1037
    1.3305      1022
     1.332       967
    1.3335      1028
     1.335      1018
    1.3365       994
     1.338      1047
    1.3395      1023
     1.341      1036
    1.3425      1024
     1.344      1033
    1.3455      1033
     1.347       991
    1.3485      1042
      1.35      1059
    1.3515      1063
     1.353      1097
    1.3545      1028
     1.356       999
    1.3575      1021
     1.359      1062
    1.3605       968
     1.362       985
    1.3635      1003
     1.365      1043
    1.3665      1001
     1.368      1005
    1.3695      1015
     1.371       992
    1.3725      1017
     1.374      1030
    1.3755       991
     1.377       989
    1.3785      1077
      1.38      1007
    1.3815      1055
     1.383       977
    1.3845      1018
     1.386      1011
    1.3875      1009
     1.389      1075
    1.3905      1049
     1.392      1027
    1.3935      1016
     1.395      1052
    1.3965      1030
     1.398      1016
    1.3995       991
     1.401      1002
    1.4025      1012
     1.404       948
    1.4055      1008
     1.407       984
    1.4085      1036
      1.41       987
    1.4115       993
     1.413       946
    1.4145      1041
     1.416      1031
    1.4175       966
     1.419       972
    1.4205      1033
     1.422       983
    1.4235       972
     1.425      1001
    1.4265       987
     1.428       933
    1.4295       976
     1.431      1015
    1.4325       990
     1.434      1015
    1.4355      1014
     1.437      1013
    1.4385       975
      1.44       997
    1.4415       996
     1.443       968
    1.4445       992
     1.446      1031
    1.4475       991
     1.449       916
    1.4505      1044
     1.452      1002
    1.4535       986
     1.455      1009
    1.4565       978
     1.458      1010
    1.4595       972
     1.461       965
    1.4625       990
     1.464      1010
    1.4655      1002
     1.467       968
    1.4685       971
      1.47      1011
    1.4715       981
     1.473       974
    1.4745      1044
     1.476       977
    1.4775       985
     1.479       972
    1.4805      1005
     1.482      1051
    1.4835       992
     1.485       960
    1.4865       944
     1.488       943
    1.4895       960
     1.491       967
    1.4925       962
     1.494       955
    1.4955      1023
     1.497       968
    1.4985      1037
       1.5       960
    1.5015       998
     1.503      1004
    1.5045       977
     1.506      1004
    1.5075       917
     1.509       978
    1.5105      1018
     1.512       999
    1.5135       980
     1.515       974
    1.5165      1027
     1.518       991
    1.5195       977
     1.521       964
    1.5225       930
     1.524       971
    1.5255       961
     1.527       954
    1.5285       975
      1.53      1001
    1.5315       968
     1.533       973
    1.5345       975
     1.536      1007
    1.5375       986
     1.539       977
    1.5405       925
     1.542       962
    1.5435       975
     1.545       980
    1.5465       951
     1.548       981
    1.5495       955
     1.551       967
    1.5525       969
     1.554       959
    1.5555       955
     1.557       934
    1.5585      1004
      1.56       946
    1.5615       942
     1.563       974
    1.5645       961
     1.566       945
    1.5675       957
     1.569      1019
    1.5705       968
     1.572       930
    1.5735      1053
     1.575       908
    1.5765       925
     1.578       978
    1.5795       990
     1.581       960
    1.5825       938
     1.584       920
    1.5855       920
     1.587       992
    1.5885       946
      1.59       954
    1.5915       990
     1.593       941
    1.5945       965
     1.596       939
    1.5975      1003
     1.599       913
    1.6005      1006
     1.602       950
    1.6035       966
     1.605       983
    1.6065       987
     1.608       958
    1.6095       921
     1.611       957
    1.6125       958
     1.614       963
    1.6155       960
     1.617       936
    1.6185       954
      1.62       949
    1.6215       978
     1.623       997
    1.6245       898
     1.626       966
    1.6275       905
     1.629       903
    1.6305       983
     1.632       970
    1.6335       935
     1.635       957
    1.6365       959
     1.638       954
    1.6395       904
     1.641       934
    1.6425       916
     1.644       907
    1.6455      1005
     1.647       989
    1.6485       902
      1.65       954
    1.6515       956
     1.653       994
    1.6545       900
     1.656       936
    1.6575       974
     1.659       930
    1.6605       930
     1.662       900
    1.6635       943
     1.665       993
    1.6665       946
     1.668       975
    1.6695       948
     1.671       898
    1.6725       961
     1.674       927
    1.6755       933
     1.677       884
    1.6785       886
      1.68       903
    1.6815       967
     1.683       900
    1.6845       922
     1.686       940
    1.6875       933
     1.689       959
    1.6905       957
     1.692       928
    1.6935       904
     1.695       963
    1.6965       935
     1.698       899
    1.6995       863
     1.701       901
    1.7025       943
     1.704       922
    1.7055       864
     1.707       946
    1.7085       897
      1.71       933
    1.7115       948
     1.713       873
    1.7145       911
     1.716       920
    1.7175       933
     1.719       908
    1.7205       901
     1.722       940
    1.7235       918
     1.725       927
    1.7265       889
     1.728       947
    1.7295       851
     1.731       897
    1.7325       942
     1.734       893
    1.7355       943
     1.737       913
    1.7385       920
      1.74       934
    1.7415       937
     1.743       888
    1.7445       919
     1.746       887
    1.7475       905
     1.749       948
    1.7505       936
     1.752       907
    1.7535       898
     1.755       873
    1.7565       922
     1.758       880
    1.7595       905
     1.761       886
    1.7625       856
     1.764       910
    1.7655       925
     1.767       912
    1.7685       821
      1.77       898
    1.7715       989
     1.773       930
    1.7745       895
     1.776       923
    1.7775       863
     1.779       910
    1.7805       916
     1.782       935
    1.7835       878
     1.785       878
    1.7865       913
     1.788       867
    1.7895       844
     1.791       898
    1.7925       859
     1.794       971
    1.7955       876
     1.797       863
    1.7985       912
       1.8       920
    1.8015       899
     1.803       921
    1.8045       888
     1.806       883
    1.8075       899
     1.809       862
    1.8105       896
     1.812       859
    1.8135       884
     1.815       852
    1.8165       909
     1.818       909
    1.8195       934
     1.821       906
    1.8225       850
     1.824       860
    1.8255       895
     1.827       849
    1.8285       889
      1.83       873
    1.8315       880
     1.833       874
    1.8345       876
     1.836       925
    1.8375       864
     1.839       873
    1.8405       860
     1.842       870
    1.8435       877
     1.845       917
    1.8465       884
     1.848       899
    1.8495       884
     1.851       833
    1.8525       950
     1.854       899
    1.8555       879
     1.857       853
    1.8585       816
      1.86       876
    1.8615       869
     1.863       880
    1.8645       828
     1.866       888
    1.8675       900
     1.869       840
    1.8705       832
     1.872       880
    1.8735       912
     1.875       853
    1.8765       893
     1.878       905
    1.8795       886
     1.881       858
    1.8825       865
     1.884       871
    1.8855       862
     1.887       872
    1.8885       892
      1.89       815
    1.8915       886
     1.893       818
    1.8945       796
     1.896       852
    1.8975       850
     1.899       839
    1.9005       894
     1.902       890
    1.9035       897
     1.905       835
    1.9065       872
     1.908       809
    1.9095       869
     1.911       842
    1.9125       864
     1.914       819
    1.9155       842
     1.917       866
    1.9185       880
      1.92       872
    1.9215       777
     1.923       868
    1.9245       865
     1.926       919
    1.9275       806
     1.929       824
    1.9305       826
     1.932       835
    1.9335       872
     1.935       842
    1.9365       884
     1.938       868
    1.9395       863
     1.941       809
    1.9425       872
     1.944       820
    1.9455       845
     1.947       822
    1.9485       884
      1.95       832
    1.9515       819
     1.953       804
    1.9545       878
     1.956       826
    1.9575       802
     1.959       884
    1.9605       886
     1.962       871
    1.9635       785
     1.965       818
    1.9665       785
     1.968       859
    1.9695       843
     1.971       796
    1.9725       833
     1.974       834
    1.9755       835
     1.977       759
    1.9785       831
      1.98       857
    1.9815       806
     1.983       821
    1.9845       841
     1.986       809
    1.9875       823
     1.989       839
    1.9905       789
     1.992       831
    1.9935       799
     1.995       783
    1.9965       791
     1.998       839
    1.9995       844
     2.001       898
    2.0025       811
     2.004       875
    2.0055       792
     2.007       824
    2.0085       833
      2.01       834
    2.0115       801
     2.013       818
    2.0145       881
     2.016       831
    2.0175       866
     2.019       843
    2.0205       797
     2.022       839
    2.0235       821
     2.025       808
    2.0265       785
     2.028       848
    2.0295       792
     2.031       776
    2.0325       827
     2.034       834
    2.0355       809
     2.037       821
    2.0385       798
      2.04       816
    2.0415       852
     2.043       788
    2.0445       798
     2.046       786
    2.0475       833
     2.049       831
    2.0505       829
     2.052       846
    2.0535       781
     2.055       815
    2.0565       838
     2.058       844
    2.0595       848
     2.061       791
    2.0625       793
     2.064       818
    2.0655       799
     2.067       822
    2.0685       802
      2.07       833
    2.0715       792
     2.073       739
    2.0745       795
     2.076       787
    2.0775       803
     2.079       808
    2.0805       813
     2.082       800
    2.0835       797
     2.085       833
    2.0865       828
     2.088       801
    2.0895       802
     2.091       747
    2.0925       771
     2.094       803
    2.0955       819
     2.097       798
    2.0985       812
       2.1       867
    2.1015       798
     2.103       738
    2.1045       831
     2.106       816
    2.1075       766
     2.109       792
    2.1105       756
     2.112       823
    2.1135       818
     2.115       816
    2.1165       812
     2.118       772
    2.1195       776
     2.121       788
    2.1225       766
     2.124       759
    2.1255       795
     2.127       769
    2.1285       789
      2.13       773
    2.1315       785
     2.133       786
    2.1345       772
     2.136       802
    2.1375       820
     2.139       833
    2.1405       762
     2.142       835
    2.1435       824
     2.145       772
    2.1465       762
     2.148       750
    2.1495       828
     2.151       810
    2.1525       751
     2.154       783
    2.1555       785
     2.157       716
    2.1585       770
      2.16       766
    2.1615       787
     2.163       809
    2.1645       799
     2.166       761
    2.1675       782
     2.169       790
    2.1705       765
     2.172       776
    2.1735       759
     2.175       793
    2.1765       709
     2.178       760
    2.1795       794
     2.181       773
    2.1825       745
     2.184       765
    2.1855       743
     2.187       783
    2.1885       813
      2.19       832
    2.1915       727
     2.193       740
    2.1945       743
     2.196       810
    2.1975       728
     2.199       743
    2.2005       770
     2.202       785
    2.2035       782
     2.205       789
    2.2065       782
     2.208       777
    2.2095       729
     2.211       741
    2.2125       730
     2.214       772
    2.2155       780
     2.217       720
    2.2185       785
      2.22       736
    2.2215       791
     2.223       733
    2.2245       781
     2.226       804
    2.2275       789
     2.229       792
    2.2305       735
     2.232       776
    2.2335       768
     2.235       776
    2.2365       740
     2.238       798
    2.2395       683
     2.241       729
    2.2425       749
     2.244       732
    2.2455       754
     2.247       817
    2.2485       800
      2.25       738
    2.2515       729
     2.253       777
    2.2545       744
     2.256       742
    2.2575       717
     2.259       751
    2.2605       767
     2.262       774
    2.2635       714
     2.265       689
    2.2665       757
     2.268       746
    2.2695       744
     2.271       742
    2.2725       759
     2.274       797
    2.2755       736
     2.277       756
    2.2785       737
      2.28       686
    2.2815       754
     2.283       750
    2.2845       712
     2.286       736
    2.2875       754
     2.289       740
    2.2905       766
     2.292       758
    2.2935       711
     2.295       740
    2.2965       746
     2.298       741
    2.2995       763
     2.301       752
    2.3025       759
     2.304       764
    2.3055       764
     2.307       726
    2.3085       768
      2.31       778
    2.3115       814
     2.313       698
    2.3145       736
     2.316       754
    2.3175       727
     2.319       710
    2.3205       738
     2.322       745
    2.3235       713
     2.325       735
    2.3265       715
     2.328       753
    2.3295       724
     2.331       728
    2.3325       746
     2.334       740
    2.3355       679
     2.337       728
    2.3385       733
      2.34       760
    2.3415       738
     2.343       727
    2.3445       747
     2.346       701
    2.3475       664
     2.349       692
    2.3505       702
     2.352       748
    2.3535       713
     2.355       730
    2.3565       729
     2.358       751
    2.3595       722
     2.361       693
    2.3625       689
     2.364       694
    2.3655       707
     2.367       734
    2.3685       783
      2.37       728
    2.3715       719
     2.373       737
    2.3745       704
     2.376       723
    2.3775       707
     2.379       714
    2.3805       694
     2.382       713
    2.3835       696
     2.385       705
    2.3865       716
     2.388       705
    2.3895       709
     2.391       767
    2.3925       773
     2.394       762
    2.3955       759
     2.397       719
    2.3985       727
       2.4       731
    2.4015       697
     2.403       732
    2.4045       663
     2.406       721
    2.4075       713
     2.409       684
    2.4105       701
     2.412       680
    2.4135       745
     2.415       702
    2.4165       674
     2.418       699
    2.4195       704
     2.421       677
    2.4225       711
     2.424       710
    2.4255       700
     2.427       663
    2.4285       691
      2.43       680
    2.4315       706
     2.433       684
    2.4345       676
     2.436       699
    2.4375       686
     2.439       665
    2.4405       717
     2.442       705
    2.4435       739
     2.445       674
    2.4465       688
     2.448       693
    2.4495       706
     2.451       709
    2.4525       656
     2.454       682
    2.4555       700
     2.457       678
    2.4585       679
      2.46       700
    2.4615       677
     2.463       659
    2.4645       709
     2.466       677
    2.4675       669
     2.469       649
    2.4705       692
     2.472       670
    2.4735       675
     2.475       695
    2.4765       681
     2.478       673
    2.4795       717
     2.481       637
    2.4825       622
     2.484       705
    2.4855       674
     2.487       678
    2.4885       725
      2.49       662
    2.4915       682
     2.493       701
    2.4945       673
     2.496       627
    2.4975       693
     2.499       673
    2.5005       696
     2.502       663
    2.5035       678
     2.505       682
    2.5065       656
     2.508       669
    2.5095       656
     2.511       704
    2.5125       688
     2.514       678
    2.5155       679
     2.517       648
    2.5185       684
      2.52       674
    2.5215       703
     2.523       682
    2.5245       690
     2.526       646
    2.5275       690
     2.529       679
    2.5305       711
     2.532       633
    2.5335       662
     2.535       679
    2.5365       647
     2.538       628
    2.5395       617
     2.541       627
    2.5425       656
     2.544       693
    2.5455       657
     2.547       643
    2.5485       700
      2.55       674
    2.5515       681
     2.553       661
    2.5545       689
     2.556       675
    2.5575       657
     2.559       619
    2.5605       690
     2.562       673
    2.5635       669
     2.565       660
    2.5665       678
     2.568       648
    2.5695       639
     2.571       665
    2.5725       638
     2.574       679
    2.5755       678
     2.577       624
    2.5785       666
      2.58       658
    2.5815       686
     2.583       645
    2.5845       629
     2.586       618
    2.5875       657
     2.589       649
    2.5905       673
     2.592       711
    2.5935       679
     2.595       636
    2.5965       643
     2.598       648
    2.5995       624
     2.601       675
    2.6025       641
     2.604       634
    2.6055       669
     2.607       605
    2.6085       628
      2.61       668
    2.6115       582
     2.613       641
    2.6145       608
     2.616       640
    2.6175       653
     2.619       688
    2.6205       632
     2.622       632
    2.6235       605
     2.625       640
    2.6265       634
     2.628       646
    2.6295       665
     2.631       596
    2.6325       636
     2.634       648
    2.6355       638
     2.637       614
    2.6385       680
      2.64       620
    2.6415       621
     2.643       584
    2.6445       625
     2.646       630
    2.6475       631
     2.649       668
    2.6505       615
     2.652       623
    2.6535       628
     2.655       589
    2.6565       635
     2.658       637
    2.6595       623
     2.661       646
    2.6625       626
     2.664       677
    2.6655       626
     2.667       590
    2.6685       650
      2.67       595
    2.6715       628
     2.673       650
    2.6745       613
     2.676       646
    2.6775       586
     2.679       622
    2.6805       547
     2.682       643
    2.6835       604
     2.685       620
    2.6865       614
     2.688       626
    2.6895       657
     2.691       619
    2.6925       604
     2.694       608
    2.6955       609
     2.697       580
    2.6985       627
       2.7       637
    2.7015       629
     2.703       630
    2.7045       636
     2.706       646
    2.7075       648
     2.709       569
    2.7105       570
     2.712       594
    2.7135       575
     2.715       588
    2.7165       634
     2.718       640
    2.7195       606
     2.721       634
    2.7225       630
     2.724       569
    2.7255       638
     2.727       651
    2.7285       612
      2.73       599
    2.7315       590
     2.733       609
    2.7345       617
     2.736       555
    2.7375       657
     2.739       642
    2.7405       609
     2.742       599
    2.7435       611
     2.745       600
    2.7465       598
     2.748       618
    2.7495       584
     2.751       619
    2.7525       611
     2.754       599
    2.7555       595
     2.757       631
    2.7585       580
      2.76       635
    2.7615       589
     2.763       592
    2.7645       604
     2.766       607
    2.7675       599
     2.769       580
    2.7705       583
     2.772       584
    2.7735       605
     2.775       598
    2.7765       579
     2.778       563
    2.7795       578
     2.781       575
    2.7825       627
     2.784       639
    2.7855       594
     2.787       629
    2.7885       594
      2.79       603
    2.7915       597
     2.793       647
    2.7945       617
     2.796       561
    2.7975       604
     2.799       623
    2.8005       601
     2.802       613
    2.8035       616
     2.805       588
    2.8065       614
     2.808       602
    2.8095       623
     2.811       625
    2.8125       573
     2.814       605
    2.8155       568
     2.817       600
    2.8185       617
      2.82       557
    2.8215       670
     2.823       582
    2.8245       625
     2.826       607
    2.8275       599
     2.829       603
    2.8305       590
     2.832       606
    2.8335       551
     2.835       539
    2.8365       638
     2.838       577
    2.8395       606
     2.841       589
    2.8425       557
     2.844       523
    2.8455       558
     2.847       579
    2.8485       593
      2.85       607
    2.8515       610
     2.853       594
    2.8545       539
     2.856       595
    2.8575       561
     2.859       602
    2.8605       635
     2.862       555
    2.8635       575
     2.865       548
    2.8665       539
     2.868       568
    2.8695       568
     2.871       563
    2.8725       559
     2.874       572
    2.8755       552
     2.877       545
    2.8785       576
      2.88       601
    2.8815       553
     2.883       607
    2.8845       571
     2.886       531
    2.8875       591
     2.889       561
    2.8905       593
     2.892       576
    2.8935       601
     2.895       568
    2.8965       553
     2.898       585
    2.8995       583
     2.901       557
    2.9025       556
     2.904       562
    2.9055       533
     2.907       573
    2.9085       580
      2.91       539
    2.9115       570
     2.913       623
    2.9145       568
     2.916       584
    2.9175       547
     2.919       520
    2.9205       553
     2.922       521
    2.9235       577
     2.925       547
    2.9265       548
     2.928       580
    2.9295       546
     2.931       569
    2.9325       552
     2.934       588
    2.9355       591
     2.937       577
    2.9385       554
      2.94       532
    2.9415       596
     2.943       572
    2.9445       574
     2.946       584
    2.9475       560
     2.949       548
    2.9505       566
     2.952       543
    2.9535       580
     2.955       561
    2.9565       557
     2.958       559
    2.9595       577
     2.961       567
    2.9625       557
     2.964       560
    2.9655       555
     2.967       541
    2.9685       533
      2.97       514
    2.9715       535
     2.973       549
    2.9745       585
     2.976       545
    2.9775       557
     2.979       558
    2.9805       581
     2.982       599
    2.9835       521
     2.985       554
    2.9865       575
     2.988       543
    2.9895       535
     2.991       588
    2.9925       535
     2.994       571
    2.9955       541
     2.997       561
    2.9985       537
         3       542
    3.0015       573
     3.003       563
    3.0045       567
     3.006       558
    3.0075       541
     3.009       556
    3.0105       554
     3.012       572
    3.0135       534
     3.015       516
    3.0165       562
     3.018       559
    3.0195       538
     3.021       521
    3.0225       573
     3.024       521
    3.0255       561
     3.027       530
    3.0285       553
      3.03       549
    3.0315       558
     3.033       549
    3.0345       546
     3.036       550
    3.0375       584
     3.039       491
    3.0405       549
     3.042       519
    3.0435       518
     3.045       577
    3.0465       543
     3.048       575
    3.0495       579
     3.051       551
    3.0525       537
     3.054       537
    3.0555       562
     3.057       506
    3.0585       519
      3.06       520
    3.0615       598
     3.063       564
    3.0645       526
     3.066       546
    3.0675       528
     3.069       518
    3.0705       547
     3.072       511
    3.0735       518
     3.075       540
    3.0765       549
     3.078       482
    3.0795       522
     3.081       549
    3.0825       517
     3.084       512
    3.0855       572
     3.087       559
    3.0885       521
      3.09       532
    3.0915       513
     3.093       510
    3.0945       566
     3.096       546
    3.0975       486
     3.099       558
    3.1005       543
     3.102       514
    3.1035       544
     3.105       496
    3.1065       525
     3.108       518
    3.1095       513
     3.111       567
    3.1125       565
     3.114       506
    3.1155       544
     3.117       576
    3.1185       499
      3.12       577
    3.1215       516
     3.123       526
    3.1245       547
     3.126       492
    3.1275       521
     3.129       559
    3.1305       522
     3.132       527
    3.1335       480
     3.135       553
    3.1365       557
     3.138       535
    3.1395       558
     3.141       561
    3.1425       480
     3.144       581
    3.1455       563
     3.147       516
    3.1485       522
      3.15       529
    3.1515       528
     3.153       510
    3.1545       535
     3.156       529
    3.1575       497
     3.159       487
    3.1605       532
     3.162       579
    3.1635       496
     3.165       551
    3.1665       545
     3.168       510
    3.1695       485
     3.171       515
    3.1725       510
     3.174       546
    3.1755       564
     3.177       556
    3.1785       533
      3.18       476
    3.1815       534
     3.183       543
    3.1845       526
     3.186       501
    3.1875       583
     3.189       604
    3.1905       469
     3.192       575
    3.1935       520
     3.195       542
    3.1965       527
     3.198       518
    3.1995       511
     3.201       545
    3.2025       564
     3.204       514
    3.2055       555
     3.207       533
    3.2085       529
      3.21       545
    3.2115       553
     3.213       525
    3.2145       496
     3.216       494
    3.2175       541
     3.219       532
    3.2205       514
     3.222       563
    3.2235       465
     3.225       550
    3.2265       554
     3.228       522
    3.2295       587
     3.231       517
    3.2325       516
     3.234       539
    3.2355       538
     3.237       514
    3.2385       541
      3.24       502
    3.2415       508
     3.243       522
    3.2445       518
     3.246       498
    3.2475       553
     3.249       526
    3.2505       507
     3.252       524
    3.2535       546
     3.255       538
    3.2565       554
     3.258       585
    3.2595       543
     3.261       537
    3.2625       515
     3.264       549
    3.2655       564
     3.267       527
    3.2685       538
      3.27       548
    3.2715       525
     3.273       533
    3.2745       494
     3.276       545
    3.2775       536
     3.279       544
    3.2805       562
     3.282       551
    3.2835       511
     3.285       552
    3.2865       503
     3.288       514
    3.2895       540
     3.291       522
    3.2925       582
     3.294       530
    3.2955       523
     3.297       556
    3.2985       549
       3.3       514
    3.3015       539
     3.303       512
    3.3045       566
     3.306       552
    3.3075       558
     3.309       559
    3.3105       586
     3.312       559
    3.3135       548
     3.315       523
    3.3165       573
     3.318       497
    3.3195       533
     3.321       514
    3.3225       582
     3.324       540
    3.3255       577
     3.327       550
    3.3285       525
      3.33       543
    3.3315       579
     3.333       548
    3.3345       557
     3.336       581
    3.3375       562
     3.339       570
    3.3405       563
     3.342       607
    3.3435       561
     3.345       537
    3.3465       555
     3.348       581
    3.3495       565
     3.351       561
    3.3525       575
     3.354       591
    3.3555       561
     3.357       556
    3.3585       565
      3.36       544
    3.3615       568
     3.363       551
    3.3645       570
     3.366       577
    3.3675       633
     3.369       594
    3.3705       554
     3.372       585
    3.3735       607
     3.375       635
    3.3765       620
     3.378       624
    3.3795       637
     3.381       576
    3.3825       638
     3.384       628
    3.3855       608
     3.387       670
    3.3885       682
      3.39       685
    3.3915       701
     3.393       693
    3.3945       683
     3.396       692
    3.3975       699
     3.399       678
    3.4005       732
     3.402       697
    3.4035       734
     3.405       730
    3.4065       782
     3.408       807
    3.4095       805
     3.411       819
    3.4125       854
     3.414       869
    3.4155       900
     3.417       921
    3.4185      1010
      3.42      1068
    3.4215      1165
     3.423      1260
    3.4245      1342
     3.426      1494
    3.4275      1652
     3.429      1705
    3.4305      1801
     3.432      1758
    3.4335      1492
     3.435      1079
    3.4365       737
     3.438       454
    3.4395       237
     3.441       113
    3.4425        36
     3.444        17
    3.4455         1
     3.447         1
    3.4485         0
      3.45         0
    3.4515         0
     3.453         0
    3.4545         0
     3.456         0
