# min_pT_[GeV]  N_entries

         0        24
    0.0015        41
     0.003        62
    0.0045        92
     0.006        72
    0.0075        93
     0.009       110
    0.0105       118
     0.012       115
    0.0135       133
     0.015       133
    0.0165       150
     0.018       142
    0.0195       135
     0.021       166
    0.0225       163
     0.024       157
    0.0255       181
     0.027       156
    0.0285       209
      0.03       204
    0.0315       193
     0.033       210
    0.0345       206
     0.036       218
    0.0375       233
     0.039       215
    0.0405       229
     0.042       214
    0.0435       242
     0.045       242
    0.0465       275
     0.048       236
    0.0495       245
     0.051       234
    0.0525       247
     0.054       255
    0.0555       244
     0.057       273
    0.0585       270
      0.06       267
    0.0615       289
     0.063       253
    0.0645       297
     0.066       269
    0.0675       318
     0.069       293
    0.0705       300
     0.072       291
    0.0735       310
     0.075       305
    0.0765       303
     0.078       313
    0.0795       312
     0.081       323
    0.0825       301
     0.084       313
    0.0855       283
     0.087       353
    0.0885       338
      0.09       339
    0.0915       332
     0.093       356
    0.0945       341
     0.096       360
    0.0975       332
     0.099       355
    0.1005       341
     0.102       368
    0.1035       343
     0.105       361
    0.1065       400
     0.108       347
    0.1095       343
     0.111       389
    0.1125       415
     0.114       393
    0.1155       332
     0.117       373
    0.1185       362
      0.12       371
    0.1215       353
     0.123       369
    0.1245       407
     0.126       382
    0.1275       398
     0.129       391
    0.1305       375
     0.132       371
    0.1335       381
     0.135       423
    0.1365       398
     0.138       430
    0.1395       405
     0.141       383
    0.1425       376
     0.144       456
    0.1455       413
     0.147       445
    0.1485       427
      0.15       421
    0.1515       420
     0.153       455
    0.1545       424
     0.156       424
    0.1575       431
     0.159       442
    0.1605       457
     0.162       436
    0.1635       441
     0.165       427
    0.1665       448
     0.168       479
    0.1695       459
     0.171       462
    0.1725       465
     0.174       445
    0.1755       462
     0.177       476
    0.1785       425
      0.18       467
    0.1815       433
     0.183       486
    0.1845       455
     0.186       457
    0.1875       511
     0.189       459
    0.1905       476
     0.192       508
    0.1935       486
     0.195       482
    0.1965       498
     0.198       450
    0.1995       465
     0.201       500
    0.2025       492
     0.204       477
    0.2055       486
     0.207       530
    0.2085       473
      0.21       475
    0.2115       502
     0.213       499
    0.2145       446
     0.216       496
    0.2175       467
     0.219       489
    0.2205       518
     0.222       501
    0.2235       490
     0.225       538
    0.2265       515
     0.228       521
    0.2295       518
     0.231       516
    0.2325       556
     0.234       528
    0.2355       537
     0.237       541
    0.2385       528
      0.24       489
    0.2415       518
     0.243       490
    0.2445       515
     0.246       517
    0.2475       499
     0.249       567
    0.2505       551
     0.252       555
    0.2535       578
     0.255       548
    0.2565       564
     0.258       534
    0.2595       503
     0.261       530
    0.2625       573
     0.264       530
    0.2655       570
     0.267       534
    0.2685       542
      0.27       559
    0.2715       586
     0.273       587
    0.2745       586
     0.276       546
    0.2775       561
     0.279       554
    0.2805       550
     0.282       557
    0.2835       552
     0.285       583
    0.2865       563
     0.288       550
    0.2895       558
     0.291       568
    0.2925       610
     0.294       551
    0.2955       598
     0.297       577
    0.2985       562
       0.3       603
    0.3015       569
     0.303       577
    0.3045       631
     0.306       568
    0.3075       589
     0.309       553
    0.3105       578
     0.312       584
    0.3135       560
     0.315       588
    0.3165       598
     0.318       593
    0.3195       629
     0.321       601
    0.3225       585
     0.324       602
    0.3255       602
     0.327       628
    0.3285       606
      0.33       559
    0.3315       615
     0.333       597
    0.3345       583
     0.336       597
    0.3375       616
     0.339       591
    0.3405       600
     0.342       642
    0.3435       610
     0.345       627
    0.3465       631
     0.348       609
    0.3495       600
     0.351       583
    0.3525       630
     0.354       615
    0.3555       599
     0.357       620
    0.3585       605
      0.36       622
    0.3615       610
     0.363       646
    0.3645       615
     0.366       644
    0.3675       637
     0.369       668
    0.3705       620
     0.372       650
    0.3735       638
     0.375       605
    0.3765       600
     0.378       637
    0.3795       620
     0.381       615
    0.3825       600
     0.384       650
    0.3855       638
     0.387       621
    0.3885       668
      0.39       662
    0.3915       615
     0.393       653
    0.3945       680
     0.396       688
    0.3975       662
     0.399       609
    0.4005       673
     0.402       603
    0.4035       641
     0.405       658
    0.4065       632
     0.408       682
    0.4095       615
     0.411       697
    0.4125       649
     0.414       662
    0.4155       659
     0.417       662
    0.4185       676
      0.42       696
    0.4215       658
     0.423       625
    0.4245       664
     0.426       660
    0.4275       679
     0.429       679
    0.4305       709
     0.432       661
    0.4335       655
     0.435       705
    0.4365       675
     0.438       623
    0.4395       667
     0.441       703
    0.4425       644
     0.444       670
    0.4455       696
     0.447       662
    0.4485       651
      0.45       678
    0.4515       706
     0.453       711
    0.4545       739
     0.456       636
    0.4575       697
     0.459       648
    0.4605       700
     0.462       710
    0.4635       692
     0.465       687
    0.4665       654
     0.468       666
    0.4695       688
     0.471       730
    0.4725       700
     0.474       709
    0.4755       707
     0.477       660
    0.4785       717
      0.48       690
    0.4815       726
     0.483       679
    0.4845       741
     0.486       704
    0.4875       704
     0.489       654
    0.4905       704
     0.492       723
    0.4935       709
     0.495       723
    0.4965       744
     0.498       724
    0.4995       706
     0.501       663
    0.5025       706
     0.504       729
    0.5055       718
     0.507       721
    0.5085       744
      0.51       701
    0.5115       705
     0.513       731
    0.5145       723
     0.516       686
    0.5175       693
     0.519       731
    0.5205       732
     0.522       742
    0.5235       734
     0.525       719
    0.5265       663
     0.528       706
    0.5295       704
     0.531       734
    0.5325       733
     0.534       689
    0.5355       692
     0.537       740
    0.5385       706
      0.54       708
    0.5415       713
     0.543       727
    0.5445       713
     0.546       722
    0.5475       731
     0.549       700
    0.5505       749
     0.552       707
    0.5535       748
     0.555       689
    0.5565       754
     0.558       694
    0.5595       721
     0.561       727
    0.5625       754
     0.564       739
    0.5655       765
     0.567       774
    0.5685       775
      0.57       723
    0.5715       752
     0.573       771
    0.5745       697
     0.576       736
    0.5775       709
     0.579       719
    0.5805       715
     0.582       738
    0.5835       737
     0.585       752
    0.5865       745
     0.588       746
    0.5895       755
     0.591       672
    0.5925       714
     0.594       736
    0.5955       742
     0.597       714
    0.5985       716
       0.6       748
    0.6015       753
     0.603       758
    0.6045       771
     0.606       735
    0.6075       706
     0.609       742
    0.6105       736
     0.612       709
    0.6135       713
     0.615       772
    0.6165       712
     0.618       752
    0.6195       763
     0.621       779
    0.6225       730
     0.624       790
    0.6255       772
     0.627       776
    0.6285       743
      0.63       731
    0.6315       699
     0.633       725
    0.6345       704
     0.636       750
    0.6375       760
     0.639       811
    0.6405       711
     0.642       700
    0.6435       745
     0.645       741
    0.6465       720
     0.648       748
    0.6495       739
     0.651       785
    0.6525       746
     0.654       726
    0.6555       746
     0.657       739
    0.6585       742
      0.66       737
    0.6615       788
     0.663       776
    0.6645       736
     0.666       721
    0.6675       753
     0.669       780
    0.6705       796
     0.672       725
    0.6735       762
     0.675       824
    0.6765       763
     0.678       787
    0.6795       740
     0.681       798
    0.6825       809
     0.684       746
    0.6855       794
     0.687       730
    0.6885       748
      0.69       774
    0.6915       798
     0.693       778
    0.6945       789
     0.696       733
    0.6975       760
     0.699       763
    0.7005       810
     0.702       751
    0.7035       747
     0.705       790
    0.7065       756
     0.708       764
    0.7095       805
     0.711       746
    0.7125       736
     0.714       764
    0.7155       792
     0.717       817
    0.7185       793
      0.72       778
    0.7215       733
     0.723       795
    0.7245       774
     0.726       752
    0.7275       751
     0.729       746
    0.7305       803
     0.732       761
    0.7335       784
     0.735       794
    0.7365       774
     0.738       717
    0.7395       795
     0.741       774
    0.7425       780
     0.744       768
    0.7455       719
     0.747       793
    0.7485       831
      0.75       809
    0.7515       782
     0.753       792
    0.7545       787
     0.756       777
    0.7575       746
     0.759       801
    0.7605       741
     0.762       786
    0.7635       785
     0.765       768
    0.7665       798
     0.768       781
    0.7695       770
     0.771       749
    0.7725       745
     0.774       766
    0.7755       801
     0.777       798
    0.7785       794
      0.78       814
    0.7815       767
     0.783       765
    0.7845       802
     0.786       777
    0.7875       828
     0.789       804
    0.7905       768
     0.792       735
    0.7935       811
     0.795       756
    0.7965       818
     0.798       786
    0.7995       806
     0.801       798
    0.8025       796
     0.804       765
    0.8055       726
     0.807       765
    0.8085       750
      0.81       797
    0.8115       806
     0.813       772
    0.8145       765
     0.816       810
    0.8175       816
     0.819       819
    0.8205       818
     0.822       806
    0.8235       801
     0.825       776
    0.8265       765
     0.828       827
    0.8295       785
     0.831       800
    0.8325       786
     0.834       772
    0.8355       788
     0.837       808
    0.8385       816
      0.84       790
    0.8415       842
     0.843       778
    0.8445       865
     0.846       780
    0.8475       804
     0.849       773
    0.8505       826
     0.852       781
    0.8535       826
     0.855       807
    0.8565       804
     0.858       791
    0.8595       859
     0.861       831
    0.8625       756
     0.864       774
    0.8655       814
     0.867       832
    0.8685       829
      0.87       770
    0.8715       805
     0.873       756
    0.8745       848
     0.876       764
    0.8775       778
     0.879       775
    0.8805       803
     0.882       791
    0.8835       788
     0.885       779
    0.8865       760
     0.888       780
    0.8895       800
     0.891       859
    0.8925       771
     0.894       845
    0.8955       729
     0.897       776
    0.8985       780
       0.9       782
    0.9015       802
     0.903       797
    0.9045       802
     0.906       772
    0.9075       843
     0.909       865
    0.9105       831
     0.912       799
    0.9135       766
     0.915       818
    0.9165       821
     0.918       820
    0.9195       796
     0.921       762
    0.9225       847
     0.924       841
    0.9255       841
     0.927       793
    0.9285       814
      0.93       789
    0.9315       795
     0.933       805
    0.9345       841
     0.936       810
    0.9375       782
     0.939       811
    0.9405       810
     0.942       789
    0.9435       772
     0.945       764
    0.9465       830
     0.948       833
    0.9495       823
     0.951       778
    0.9525       798
     0.954       815
    0.9555       842
     0.957       814
    0.9585       811
      0.96       831
    0.9615       817
     0.963       840
    0.9645       873
     0.966       802
    0.9675       771
     0.969       821
    0.9705       844
     0.972       838
    0.9735       841
     0.975       812
    0.9765       820
     0.978       823
    0.9795       846
     0.981       766
    0.9825       870
     0.984       842
    0.9855       795
     0.987       841
    0.9885       864
      0.99       742
    0.9915       796
     0.993       799
    0.9945       849
     0.996       807
    0.9975       799
     0.999       776
    1.0005       812
     1.002       820
    1.0035       807
     1.005       819
    1.0065       789
     1.008       776
    1.0095       836
     1.011       801
    1.0125       857
     1.014       822
    1.0155       824
     1.017       836
    1.0185       866
      1.02       844
    1.0215       766
     1.023       788
    1.0245       820
     1.026       778
    1.0275       826
     1.029       845
    1.0305       812
     1.032       839
    1.0335       803
     1.035       798
    1.0365       761
     1.038       806
    1.0395       780
     1.041       834
    1.0425       810
     1.044       838
    1.0455       860
     1.047       779
    1.0485       795
      1.05       820
    1.0515       810
     1.053       802
    1.0545       846
     1.056       744
    1.0575       772
     1.059       817
    1.0605       843
     1.062       818
    1.0635       819
     1.065       825
    1.0665       804
     1.068       844
    1.0695       781
     1.071       885
    1.0725       825
     1.074       797
    1.0755       789
     1.077       861
    1.0785       841
      1.08       783
    1.0815       828
     1.083       843
    1.0845       796
     1.086       812
    1.0875       823
     1.089       798
    1.0905       852
     1.092       810
    1.0935       839
     1.095       831
    1.0965       866
     1.098       848
    1.0995       845
     1.101       829
    1.1025       824
     1.104       807
    1.1055       876
     1.107       826
    1.1085       787
      1.11       852
    1.1115       828
     1.113       825
    1.1145       905
     1.116       790
    1.1175       815
     1.119       797
    1.1205       774
     1.122       839
    1.1235       839
     1.125       837
    1.1265       824
     1.128       873
    1.1295       818
     1.131       835
    1.1325       831
     1.134       835
    1.1355       873
     1.137       843
    1.1385       840
      1.14       849
    1.1415       820
     1.143       854
    1.1445       825
     1.146       820
    1.1475       861
     1.149       813
    1.1505       791
     1.152       838
    1.1535       835
     1.155       845
    1.1565       853
     1.158       830
    1.1595       820
     1.161       839
    1.1625       803
     1.164       849
    1.1655       823
     1.167       818
    1.1685       824
      1.17       808
    1.1715       828
     1.173       792
    1.1745       826
     1.176       858
    1.1775       848
     1.179       764
    1.1805       880
     1.182       810
    1.1835       815
     1.185       813
    1.1865       853
     1.188       804
    1.1895       801
     1.191       823
    1.1925       783
     1.194       823
    1.1955       855
     1.197       830
    1.1985       778
       1.2       901
    1.2015       853
     1.203       832
    1.2045       825
     1.206       830
    1.2075       868
     1.209       831
    1.2105       852
     1.212       835
    1.2135       845
     1.215       854
    1.2165       830
     1.218       848
    1.2195       819
     1.221       831
    1.2225       833
     1.224       826
    1.2255       822
     1.227       787
    1.2285       812
      1.23       866
    1.2315       807
     1.233       864
    1.2345       826
     1.236       840
    1.2375       833
     1.239       811
    1.2405       811
     1.242       855
    1.2435       824
     1.245       806
    1.2465       842
     1.248       763
    1.2495       810
     1.251       799
    1.2525       814
     1.254       822
    1.2555       844
     1.257       857
    1.2585       848
      1.26       862
    1.2615       787
     1.263       884
    1.2645       805
     1.266       844
    1.2675       788
     1.269       826
    1.2705       840
     1.272       833
    1.2735       799
     1.275       804
    1.2765       824
     1.278       834
    1.2795       880
     1.281       857
    1.2825       828
     1.284       830
    1.2855       839
     1.287       803
    1.2885       833
      1.29       840
    1.2915       884
     1.293       803
    1.2945       815
     1.296       802
    1.2975       816
     1.299       825
    1.3005       829
     1.302       807
    1.3035       774
     1.305       851
    1.3065       790
     1.308       844
    1.3095       821
     1.311       833
    1.3125       832
     1.314       804
    1.3155       867
     1.317       800
    1.3185       805
      1.32       793
    1.3215       776
     1.323       826
    1.3245       838
     1.326       807
    1.3275       846
     1.329       806
    1.3305       820
     1.332       855
    1.3335       851
     1.335       804
    1.3365       833
     1.338       784
    1.3395       845
     1.341       819
    1.3425       854
     1.344       823
    1.3455       854
     1.347       843
    1.3485       859
      1.35       820
    1.3515       850
     1.353       834
    1.3545       828
     1.356       784
    1.3575       803
     1.359       803
    1.3605       848
     1.362       855
    1.3635       842
     1.365       820
    1.3665       809
     1.368       773
    1.3695       855
     1.371       825
    1.3725       859
     1.374       835
    1.3755       828
     1.377       881
    1.3785       845
      1.38       803
    1.3815       842
     1.383       843
    1.3845       836
     1.386       798
    1.3875       881
     1.389       825
    1.3905       807
     1.392       771
    1.3935       777
     1.395       827
    1.3965       765
     1.398       838
    1.3995       831
     1.401       855
    1.4025       791
     1.404       808
    1.4055       798
     1.407       816
    1.4085       838
      1.41       806
    1.4115       839
     1.413       843
    1.4145       769
     1.416       865
    1.4175       858
     1.419       804
    1.4205       819
     1.422       803
    1.4235       844
     1.425       867
    1.4265       837
     1.428       822
    1.4295       793
     1.431       783
    1.4325       869
     1.434       863
    1.4355       797
     1.437       800
    1.4385       809
      1.44       832
    1.4415       809
     1.443       823
    1.4445       779
     1.446       814
    1.4475       821
     1.449       804
    1.4505       868
     1.452       856
    1.4535       839
     1.455       834
    1.4565       839
     1.458       841
    1.4595       803
     1.461       812
    1.4625       796
     1.464       796
    1.4655       822
     1.467       868
    1.4685       834
      1.47       820
    1.4715       838
     1.473       843
    1.4745       809
     1.476       804
    1.4775       778
     1.479       781
    1.4805       831
     1.482       825
    1.4835       845
     1.485       810
    1.4865       858
     1.488       837
    1.4895       853
     1.491       783
    1.4925       817
     1.494       812
    1.4955       779
     1.497       815
    1.4985       803
       1.5       850
    1.5015       855
     1.503       842
    1.5045       869
     1.506       794
    1.5075       813
     1.509       814
    1.5105       810
     1.512       788
    1.5135       809
     1.515       810
    1.5165       805
     1.518       800
    1.5195       804
     1.521       872
    1.5225       840
     1.524       812
    1.5255       870
     1.527       857
    1.5285       773
      1.53       853
    1.5315       782
     1.533       824
    1.5345       842
     1.536       795
    1.5375       812
     1.539       812
    1.5405       816
     1.542       802
    1.5435       833
     1.545       819
    1.5465       849
     1.548       781
    1.5495       835
     1.551       802
    1.5525       807
     1.554       799
    1.5555       854
     1.557       785
    1.5585       822
      1.56       805
    1.5615       904
     1.563       859
    1.5645       835
     1.566       815
    1.5675       832
     1.569       774
    1.5705       800
     1.572       809
    1.5735       798
     1.575       819
    1.5765       818
     1.578       825
    1.5795       817
     1.581       855
    1.5825       792
     1.584       833
    1.5855       806
     1.587       825
    1.5885       806
      1.59       833
    1.5915       827
     1.593       774
    1.5945       821
     1.596       792
    1.5975       759
     1.599       836
    1.6005       822
     1.602       821
    1.6035       781
     1.605       769
    1.6065       828
     1.608       809
    1.6095       819
     1.611       780
    1.6125       825
     1.614       831
    1.6155       885
     1.617       878
    1.6185       845
      1.62       843
    1.6215       794
     1.623       808
    1.6245       798
     1.626       795
    1.6275       788
     1.629       796
    1.6305       824
     1.632       826
    1.6335       826
     1.635       836
    1.6365       805
     1.638       771
    1.6395       833
     1.641       790
    1.6425       824
     1.644       779
    1.6455       789
     1.647       834
    1.6485       834
      1.65       855
    1.6515       816
     1.653       799
    1.6545       821
     1.656       829
    1.6575       817
     1.659       846
    1.6605       851
     1.662       871
    1.6635       831
     1.665       817
    1.6665       803
     1.668       846
    1.6695       822
     1.671       834
    1.6725       807
     1.674       775
    1.6755       815
     1.677       800
    1.6785       811
      1.68       871
    1.6815       846
     1.683       825
    1.6845       840
     1.686       826
    1.6875       809
     1.689       804
    1.6905       825
     1.692       783
    1.6935       792
     1.695       775
    1.6965       824
     1.698       814
    1.6995       807
     1.701       820
    1.7025       837
     1.704       826
    1.7055       846
     1.707       829
    1.7085       828
      1.71       792
    1.7115       798
     1.713       799
    1.7145       767
     1.716       824
    1.7175       825
     1.719       810
    1.7205       819
     1.722       812
    1.7235       781
     1.725       806
    1.7265       782
     1.728       767
    1.7295       787
     1.731       784
    1.7325       757
     1.734       839
    1.7355       797
     1.737       770
    1.7385       838
      1.74       803
    1.7415       839
     1.743       791
    1.7445       793
     1.746       758
    1.7475       794
     1.749       769
    1.7505       762
     1.752       811
    1.7535       850
     1.755       742
    1.7565       804
     1.758       786
    1.7595       849
     1.761       806
    1.7625       808
     1.764       850
    1.7655       774
     1.767       752
    1.7685       833
      1.77       817
    1.7715       787
     1.773       839
    1.7745       807
     1.776       773
    1.7775       812
     1.779       818
    1.7805       830
     1.782       827
    1.7835       822
     1.785       794
    1.7865       794
     1.788       790
    1.7895       739
     1.791       778
    1.7925       806
     1.794       800
    1.7955       804
     1.797       822
    1.7985       807
       1.8       780
    1.8015       776
     1.803       862
    1.8045       787
     1.806       776
    1.8075       813
     1.809       810
    1.8105       800
     1.812       762
    1.8135       778
     1.815       819
    1.8165       835
     1.818       757
    1.8195       775
     1.821       820
    1.8225       809
     1.824       788
    1.8255       764
     1.827       797
    1.8285       824
      1.83       827
    1.8315       780
     1.833       812
    1.8345       839
     1.836       823
    1.8375       805
     1.839       798
    1.8405       812
     1.842       782
    1.8435       756
     1.845       750
    1.8465       771
     1.848       781
    1.8495       817
     1.851       795
    1.8525       780
     1.854       701
    1.8555       774
     1.857       792
    1.8585       806
      1.86       779
    1.8615       825
     1.863       790
    1.8645       766
     1.866       804
    1.8675       767
     1.869       783
    1.8705       843
     1.872       807
    1.8735       743
     1.875       790
    1.8765       765
     1.878       796
    1.8795       788
     1.881       799
    1.8825       775
     1.884       769
    1.8855       813
     1.887       744
    1.8885       782
      1.89       826
    1.8915       813
     1.893       774
    1.8945       760
     1.896       811
    1.8975       770
     1.899       760
    1.9005       831
     1.902       778
    1.9035       814
     1.905       821
    1.9065       788
     1.908       794
    1.9095       773
     1.911       796
    1.9125       780
     1.914       769
    1.9155       744
     1.917       768
    1.9185       809
      1.92       820
    1.9215       776
     1.923       773
    1.9245       717
     1.926       774
    1.9275       779
     1.929       802
    1.9305       772
     1.932       825
    1.9335       769
     1.935       805
    1.9365       802
     1.938       784
    1.9395       752
     1.941       827
    1.9425       807
     1.944       787
    1.9455       773
     1.947       800
    1.9485       753
      1.95       765
    1.9515       814
     1.953       721
    1.9545       761
     1.956       785
    1.9575       790
     1.959       773
    1.9605       796
     1.962       772
    1.9635       748
     1.965       798
    1.9665       803
     1.968       757
    1.9695       743
     1.971       756
    1.9725       823
     1.974       781
    1.9755       749
     1.977       775
    1.9785       785
      1.98       816
    1.9815       730
     1.983       810
    1.9845       774
     1.986       796
    1.9875       794
     1.989       778
    1.9905       831
     1.992       816
    1.9935       777
     1.995       772
    1.9965       778
     1.998       792
    1.9995       757
     2.001       792
    2.0025       758
     2.004       758
    2.0055       760
     2.007       761
    2.0085       776
      2.01       761
    2.0115       761
     2.013       800
    2.0145       742
     2.016       785
    2.0175       779
     2.019       772
    2.0205       797
     2.022       793
    2.0235       763
     2.025       747
    2.0265       791
     2.028       771
    2.0295       731
     2.031       714
    2.0325       764
     2.034       780
    2.0355       750
     2.037       786
    2.0385       775
      2.04       779
    2.0415       773
     2.043       774
    2.0445       806
     2.046       760
    2.0475       799
     2.049       735
    2.0505       787
     2.052       741
    2.0535       780
     2.055       779
    2.0565       754
     2.058       751
    2.0595       785
     2.061       794
    2.0625       784
     2.064       776
    2.0655       780
     2.067       816
    2.0685       721
      2.07       784
    2.0715       755
     2.073       740
    2.0745       787
     2.076       745
    2.0775       753
     2.079       739
    2.0805       769
     2.082       749
    2.0835       768
     2.085       782
    2.0865       747
     2.088       745
    2.0895       718
     2.091       732
    2.0925       776
     2.094       760
    2.0955       741
     2.097       765
    2.0985       808
       2.1       765
    2.1015       801
     2.103       753
    2.1045       820
     2.106       782
    2.1075       747
     2.109       767
    2.1105       750
     2.112       755
    2.1135       792
     2.115       761
    2.1165       787
     2.118       770
    2.1195       799
     2.121       764
    2.1225       760
     2.124       790
    2.1255       786
     2.127       790
    2.1285       769
      2.13       744
    2.1315       812
     2.133       741
    2.1345       791
     2.136       757
    2.1375       744
     2.139       760
    2.1405       744
     2.142       737
    2.1435       815
     2.145       755
    2.1465       737
     2.148       777
    2.1495       767
     2.151       760
    2.1525       716
     2.154       731
    2.1555       757
     2.157       804
    2.1585       790
      2.16       750
    2.1615       784
     2.163       727
    2.1645       716
     2.166       801
    2.1675       746
     2.169       794
    2.1705       786
     2.172       788
    2.1735       778
     2.175       787
    2.1765       765
     2.178       771
    2.1795       795
     2.181       765
    2.1825       762
     2.184       754
    2.1855       766
     2.187       690
    2.1885       773
      2.19       779
    2.1915       747
     2.193       777
    2.1945       767
     2.196       744
    2.1975       769
     2.199       800
    2.2005       780
     2.202       744
    2.2035       739
     2.205       745
    2.2065       714
     2.208       780
    2.2095       750
     2.211       717
    2.2125       775
     2.214       790
    2.2155       742
     2.217       812
    2.2185       766
      2.22       755
    2.2215       736
     2.223       759
    2.2245       716
     2.226       758
    2.2275       753
     2.229       745
    2.2305       772
     2.232       750
    2.2335       743
     2.235       716
    2.2365       729
     2.238       724
    2.2395       705
     2.241       783
    2.2425       745
     2.244       761
    2.2455       730
     2.247       713
    2.2485       749
      2.25       720
    2.2515       774
     2.253       735
    2.2545       696
     2.256       771
    2.2575       751
     2.259       754
    2.2605       737
     2.262       708
    2.2635       767
     2.265       774
    2.2665       767
     2.268       730
    2.2695       735
     2.271       740
    2.2725       727
     2.274       756
    2.2755       716
     2.277       770
    2.2785       750
      2.28       775
    2.2815       775
     2.283       708
    2.2845       729
     2.286       763
    2.2875       723
     2.289       742
    2.2905       719
     2.292       758
    2.2935       723
     2.295       702
    2.2965       775
     2.298       767
    2.2995       758
     2.301       765
    2.3025       796
     2.304       794
    2.3055       725
     2.307       771
    2.3085       696
      2.31       749
    2.3115       756
     2.313       684
    2.3145       768
     2.316       728
    2.3175       753
     2.319       726
    2.3205       756
     2.322       684
    2.3235       702
     2.325       728
    2.3265       776
     2.328       733
    2.3295       752
     2.331       735
    2.3325       745
     2.334       734
    2.3355       751
     2.337       722
    2.3385       741
      2.34       733
    2.3415       729
     2.343       767
    2.3445       766
     2.346       706
    2.3475       768
     2.349       736
    2.3505       743
     2.352       790
    2.3535       741
     2.355       730
    2.3565       731
     2.358       754
    2.3595       704
     2.361       808
    2.3625       751
     2.364       737
    2.3655       669
     2.367       733
    2.3685       740
      2.37       699
    2.3715       734
     2.373       740
    2.3745       764
     2.376       759
    2.3775       735
     2.379       765
    2.3805       748
     2.382       716
    2.3835       747
     2.385       724
    2.3865       729
     2.388       720
    2.3895       677
     2.391       707
    2.3925       757
     2.394       703
    2.3955       723
     2.397       747
    2.3985       716
       2.4       760
    2.4015       724
     2.403       725
    2.4045       737
     2.406       727
    2.4075       752
     2.409       772
    2.4105       730
     2.412       660
    2.4135       758
     2.415       759
    2.4165       691
     2.418       777
    2.4195       765
     2.421       736
    2.4225       718
     2.424       729
    2.4255       710
     2.427       732
    2.4285       715
      2.43       765
    2.4315       712
     2.433       727
    2.4345       756
     2.436       702
    2.4375       750
     2.439       717
    2.4405       739
     2.442       721
    2.4435       720
     2.445       750
    2.4465       675
     2.448       755
    2.4495       728
     2.451       722
    2.4525       752
     2.454       698
    2.4555       714
     2.457       737
    2.4585       691
      2.46       711
    2.4615       662
     2.463       745
    2.4645       711
     2.466       692
    2.4675       715
     2.469       756
    2.4705       726
     2.472       746
    2.4735       713
     2.475       695
    2.4765       696
     2.478       717
    2.4795       721
     2.481       721
    2.4825       736
     2.484       736
    2.4855       716
     2.487       710
    2.4885       704
      2.49       693
    2.4915       735
     2.493       745
    2.4945       775
     2.496       755
    2.4975       690
     2.499       735
    2.5005       707
     2.502       739
    2.5035       686
     2.505       720
    2.5065       767
     2.508       735
    2.5095       764
     2.511       789
    2.5125       721
     2.514       711
    2.5155       735
     2.517       715
    2.5185       750
      2.52       692
    2.5215       767
     2.523       715
    2.5245       715
     2.526       665
    2.5275       682
     2.529       685
    2.5305       705
     2.532       670
    2.5335       731
     2.535       653
    2.5365       725
     2.538       781
    2.5395       717
     2.541       681
    2.5425       742
     2.544       742
    2.5455       741
     2.547       687
    2.5485       688
      2.55       717
    2.5515       710
     2.553       730
    2.5545       685
     2.556       778
    2.5575       677
     2.559       702
    2.5605       715
     2.562       695
    2.5635       717
     2.565       727
    2.5665       730
     2.568       736
    2.5695       697
     2.571       718
    2.5725       746
     2.574       731
    2.5755       713
     2.577       724
    2.5785       675
      2.58       720
    2.5815       718
     2.583       688
    2.5845       703
     2.586       692
    2.5875       694
     2.589       713
    2.5905       720
     2.592       746
    2.5935       745
     2.595       726
    2.5965       738
     2.598       760
    2.5995       702
     2.601       717
    2.6025       721
     2.604       710
    2.6055       699
     2.607       705
    2.6085       733
      2.61       688
    2.6115       714
     2.613       774
    2.6145       721
     2.616       721
    2.6175       724
     2.619       745
    2.6205       737
     2.622       733
    2.6235       720
     2.625       714
    2.6265       749
     2.628       778
    2.6295       715
     2.631       715
    2.6325       766
     2.634       694
    2.6355       689
     2.637       646
    2.6385       703
      2.64       702
    2.6415       745
     2.643       671
    2.6445       680
     2.646       752
    2.6475       674
     2.649       678
    2.6505       717
     2.652       757
    2.6535       706
     2.655       728
    2.6565       760
     2.658       718
    2.6595       678
     2.661       675
    2.6625       748
     2.664       750
    2.6655       682
     2.667       717
    2.6685       714
      2.67       791
    2.6715       707
     2.673       648
    2.6745       748
     2.676       692
    2.6775       726
     2.679       712
    2.6805       772
     2.682       718
    2.6835       696
     2.685       693
    2.6865       708
     2.688       700
    2.6895       731
     2.691       716
    2.6925       677
     2.694       752
    2.6955       669
     2.697       741
    2.6985       715
       2.7       745
    2.7015       711
     2.703       709
    2.7045       686
     2.706       751
    2.7075       741
     2.709       775
    2.7105       681
     2.712       740
    2.7135       723
     2.715       734
    2.7165       691
     2.718       665
    2.7195       718
     2.721       746
    2.7225       703
     2.724       723
    2.7255       683
     2.727       677
    2.7285       744
      2.73       686
    2.7315       729
     2.733       730
    2.7345       700
     2.736       658
    2.7375       713
     2.739       733
    2.7405       758
     2.742       726
    2.7435       690
     2.745       701
    2.7465       679
     2.748       681
    2.7495       723
     2.751       692
    2.7525       645
     2.754       671
    2.7555       746
     2.757       750
    2.7585       721
      2.76       720
    2.7615       724
     2.763       704
    2.7645       705
     2.766       653
    2.7675       744
     2.769       700
    2.7705       698
     2.772       715
    2.7735       733
     2.775       704
    2.7765       729
     2.778       765
    2.7795       656
     2.781       701
    2.7825       783
     2.784       678
    2.7855       677
     2.787       703
    2.7885       685
      2.79       713
    2.7915       735
     2.793       688
    2.7945       710
     2.796       732
    2.7975       703
     2.799       708
    2.8005       702
     2.802       661
    2.8035       711
     2.805       710
    2.8065       702
     2.808       675
    2.8095       717
     2.811       748
    2.8125       692
     2.814       698
    2.8155       722
     2.817       716
    2.8185       682
      2.82       738
    2.8215       679
     2.823       721
    2.8245       712
     2.826       691
    2.8275       699
     2.829       751
    2.8305       743
     2.832       676
    2.8335       680
     2.835       687
    2.8365       729
     2.838       706
    2.8395       709
     2.841       726
    2.8425       711
     2.844       707
    2.8455       725
     2.847       700
    2.8485       750
      2.85       697
    2.8515       675
     2.853       728
    2.8545       732
     2.856       635
    2.8575       741
     2.859       674
    2.8605       624
     2.862       724
    2.8635       690
     2.865       686
    2.8665       705
     2.868       673
    2.8695       703
     2.871       707
    2.8725       685
     2.874       698
    2.8755       665
     2.877       672
    2.8785       736
      2.88       692
    2.8815       702
     2.883       681
    2.8845       662
     2.886       712
    2.8875       658
     2.889       712
    2.8905       710
     2.892       702
    2.8935       689
     2.895       671
    2.8965       718
     2.898       703
    2.8995       700
     2.901       666
    2.9025       686
     2.904       673
    2.9055       744
     2.907       670
    2.9085       709
      2.91       725
    2.9115       619
     2.913       694
    2.9145       708
     2.916       684
    2.9175       669
     2.919       672
    2.9205       669
     2.922       674
    2.9235       691
     2.925       688
    2.9265       666
     2.928       710
    2.9295       717
     2.931       649
    2.9325       684
     2.934       675
    2.9355       688
     2.937       703
    2.9385       658
      2.94       712
    2.9415       737
     2.943       699
    2.9445       713
     2.946       664
    2.9475       660
     2.949       693
    2.9505       668
     2.952       734
    2.9535       648
     2.955       666
    2.9565       684
     2.958       648
    2.9595       666
     2.961       696
    2.9625       680
     2.964       749
    2.9655       703
     2.967       722
    2.9685       668
      2.97       660
    2.9715       663
     2.973       635
    2.9745       677
     2.976       720
    2.9775       732
     2.979       672
    2.9805       704
     2.982       678
    2.9835       683
     2.985       706
    2.9865       663
     2.988       665
    2.9895       688
     2.991       677
    2.9925       642
     2.994       737
    2.9955       636
     2.997       663
    2.9985       672
         3       699
    3.0015       666
     3.003       650
    3.0045       676
     3.006       701
    3.0075       642
     3.009       659
    3.0105       661
     3.012       660
    3.0135       684
     3.015       670
    3.0165       648
     3.018       651
    3.0195       632
     3.021       652
    3.0225       671
     3.024       657
    3.0255       705
     3.027       678
    3.0285       643
      3.03       688
    3.0315       688
     3.033       654
    3.0345       714
     3.036       667
    3.0375       660
     3.039       681
    3.0405       693
     3.042       653
    3.0435       691
     3.045       663
    3.0465       679
     3.048       678
    3.0495       712
     3.051       625
    3.0525       686
     3.054       670
    3.0555       689
     3.057       653
    3.0585       681
      3.06       661
    3.0615       673
     3.063       679
    3.0645       685
     3.066       673
    3.0675       655
     3.069       699
    3.0705       695
     3.072       690
    3.0735       660
     3.075       677
    3.0765       664
     3.078       646
    3.0795       687
     3.081       686
    3.0825       658
     3.084       666
    3.0855       603
     3.087       674
    3.0885       620
      3.09       697
    3.0915       628
     3.093       686
    3.0945       675
     3.096       631
    3.0975       674
     3.099       657
    3.1005       665
     3.102       709
    3.1035       657
     3.105       646
    3.1065       673
     3.108       662
    3.1095       668
     3.111       660
    3.1125       647
     3.114       649
    3.1155       644
     3.117       614
    3.1185       693
      3.12       616
    3.1215       693
     3.123       665
    3.1245       599
     3.126       637
    3.1275       649
     3.129       660
    3.1305       668
     3.132       631
    3.1335       650
     3.135       678
    3.1365       623
     3.138       715
    3.1395       688
     3.141       642
    3.1425       651
     3.144       640
    3.1455       688
     3.147       669
    3.1485       685
      3.15       624
    3.1515       652
     3.153       645
    3.1545       630
     3.156       635
    3.1575       666
     3.159       703
    3.1605       658
     3.162       676
    3.1635       617
     3.165       646
    3.1665       687
     3.168       595
    3.1695       671
     3.171       619
    3.1725       667
     3.174       669
    3.1755       712
     3.177       654
    3.1785       620
      3.18       630
    3.1815       718
     3.183       618
    3.1845       657
     3.186       680
    3.1875       702
     3.189       598
    3.1905       611
     3.192       652
    3.1935       650
     3.195       623
    3.1965       678
     3.198       644
    3.1995       722
     3.201       669
    3.2025       654
     3.204       641
    3.2055       670
     3.207       643
    3.2085       680
      3.21       604
    3.2115       646
     3.213       650
    3.2145       610
     3.216       646
    3.2175       625
     3.219       614
    3.2205       627
     3.222       615
    3.2235       601
     3.225       647
    3.2265       630
     3.228       623
    3.2295       626
     3.231       638
    3.2325       665
     3.234       650
    3.2355       639
     3.237       602
    3.2385       635
      3.24       608
    3.2415       638
     3.243       610
    3.2445       661
     3.246       628
    3.2475       644
     3.249       604
    3.2505       663
     3.252       648
    3.2535       679
     3.255       610
    3.2565       604
     3.258       618
    3.2595       662
     3.261       654
    3.2625       659
     3.264       637
    3.2655       641
     3.267       630
    3.2685       607
      3.27       645
    3.2715       633
     3.273       609
    3.2745       570
     3.276       633
    3.2775       645
     3.279       642
    3.2805       659
     3.282       639
    3.2835       616
     3.285       610
    3.2865       634
     3.288       639
    3.2895       610
     3.291       599
    3.2925       640
     3.294       616
    3.2955       630
     3.297       636
    3.2985       604
       3.3       604
    3.3015       630
     3.303       664
    3.3045       653
     3.306       646
    3.3075       604
     3.309       613
    3.3105       605
     3.312       600
    3.3135       626
     3.315       606
    3.3165       586
     3.318       613
    3.3195       609
     3.321       645
    3.3225       663
     3.324       581
    3.3255       626
     3.327       624
    3.3285       601
      3.33       629
    3.3315       616
     3.333       610
    3.3345       620
     3.336       683
    3.3375       611
     3.339       587
    3.3405       598
     3.342       590
    3.3435       607
     3.345       633
    3.3465       614
     3.348       594
    3.3495       625
     3.351       640
    3.3525       613
     3.354       616
    3.3555       648
     3.357       633
    3.3585       657
      3.36       619
    3.3615       621
     3.363       639
    3.3645       581
     3.366       596
    3.3675       599
     3.369       604
    3.3705       631
     3.372       610
    3.3735       609
     3.375       610
    3.3765       611
     3.378       640
    3.3795       595
     3.381       622
    3.3825       627
     3.384       597
    3.3855       586
     3.387       615
    3.3885       607
      3.39       619
    3.3915       633
     3.393       624
    3.3945       578
     3.396       612
    3.3975       587
     3.399       576
    3.4005       605
     3.402       593
    3.4035       601
     3.405       602
    3.4065       623
     3.408       604
    3.4095       614
     3.411       608
    3.4125       625
     3.414       643
    3.4155       635
     3.417       594
    3.4185       613
      3.42       611
    3.4215       591
     3.423       609
    3.4245       624
     3.426       631
    3.4275       599
     3.429       568
    3.4305       595
     3.432       581
    3.4335       608
     3.435       609
    3.4365       638
     3.438       595
    3.4395       569
     3.441       628
    3.4425       624
     3.444       620
    3.4455       569
     3.447       618
    3.4485       641
      3.45       590
    3.4515       632
     3.453       589
    3.4545       588
     3.456       648
    3.4575       589
     3.459       587
    3.4605       554
     3.462       595
    3.4635       586
     3.465       621
    3.4665       639
     3.468       599
    3.4695       608
     3.471       603
    3.4725       635
     3.474       587
    3.4755       577
     3.477       621
    3.4785       581
      3.48       600
    3.4815       613
     3.483       619
    3.4845       595
     3.486       579
    3.4875       571
     3.489       633
    3.4905       618
     3.492       595
    3.4935       597
     3.495       591
    3.4965       608
     3.498       561
    3.4995       593
     3.501       614
    3.5025       597
     3.504       616
    3.5055       601
     3.507       562
    3.5085       597
      3.51       596
    3.5115       583
     3.513       629
    3.5145       593
     3.516       580
    3.5175       592
     3.519       604
    3.5205       595
     3.522       641
    3.5235       614
     3.525       575
    3.5265       589
     3.528       602
    3.5295       569
     3.531       618
    3.5325       544
     3.534       608
    3.5355       607
     3.537       597
    3.5385       597
      3.54       594
    3.5415       606
     3.543       569
    3.5445       542
     3.546       545
    3.5475       573
     3.549       618
    3.5505       609
     3.552       597
    3.5535       584
     3.555       616
    3.5565       616
     3.558       614
    3.5595       586
     3.561       575
    3.5625       613
     3.564       581
    3.5655       590
     3.567       593
    3.5685       560
      3.57       637
    3.5715       593
     3.573       534
    3.5745       521
     3.576       592
    3.5775       607
     3.579       577
    3.5805       573
     3.582       577
    3.5835       597
     3.585       610
    3.5865       593
     3.588       612
    3.5895       618
     3.591       616
    3.5925       591
     3.594       585
    3.5955       599
     3.597       614
    3.5985       648
       3.6       599
    3.6015       591
     3.603       596
    3.6045       602
     3.606       581
    3.6075       617
     3.609       613
    3.6105       549
     3.612       563
    3.6135       608
     3.615       592
    3.6165       599
     3.618       604
    3.6195       578
     3.621       651
    3.6225       592
     3.624       555
    3.6255       597
     3.627       609
    3.6285       597
      3.63       626
    3.6315       597
     3.633       600
    3.6345       606
     3.636       605
    3.6375       602
     3.639       620
    3.6405       558
     3.642       555
    3.6435       580
     3.645       593
    3.6465       620
     3.648       607
    3.6495       587
     3.651       573
    3.6525       604
     3.654       587
    3.6555       554
     3.657       586
    3.6585       562
      3.66       596
    3.6615       607
     3.663       559
    3.6645       590
     3.666       573
    3.6675       616
     3.669       604
    3.6705       607
     3.672       577
    3.6735       591
     3.675       580
    3.6765       598
     3.678       609
    3.6795       620
     3.681       599
    3.6825       604
     3.684       622
    3.6855       595
     3.687       580
    3.6885       607
      3.69       611
    3.6915       633
     3.693       625
    3.6945       611
     3.696       605
    3.6975       566
     3.699       658
    3.7005       592
     3.702       596
    3.7035       634
     3.705       607
    3.7065       636
     3.708       688
    3.7095       613
     3.711       539
    3.7125       603
     3.714       576
    3.7155       621
     3.717       629
    3.7185       617
      3.72       632
    3.7215       632
     3.723       641
    3.7245       623
     3.726       641
    3.7275       605
     3.729       607
    3.7305       647
     3.732       620
    3.7335       596
     3.735       624
    3.7365       613
     3.738       603
    3.7395       622
     3.741       630
    3.7425       647
     3.744       613
    3.7455       640
     3.747       626
    3.7485       632
      3.75       606
    3.7515       556
     3.753       647
    3.7545       635
     3.756       606
    3.7575       597
     3.759       569
    3.7605       610
     3.762       639
    3.7635       605
     3.765       628
    3.7665       648
     3.768       640
    3.7695       625
     3.771       661
    3.7725       642
     3.774       603
    3.7755       609
     3.777       641
    3.7785       623
      3.78       677
    3.7815       635
     3.783       661
    3.7845       665
     3.786       667
    3.7875       608
     3.789       657
    3.7905       676
     3.792       625
    3.7935       682
     3.795       616
    3.7965       631
     3.798       658
    3.7995       632
     3.801       621
    3.8025       661
     3.804       637
    3.8055       642
     3.807       669
    3.8085       653
      3.81       691
    3.8115       622
     3.813       684
    3.8145       657
     3.816       690
    3.8175       703
     3.819       663
    3.8205       626
     3.822       679
    3.8235       716
     3.825       668
    3.8265       656
     3.828       712
    3.8295       647
     3.831       699
    3.8325       702
     3.834       679
    3.8355       710
     3.837       724
    3.8385       716
      3.84       667
    3.8415       735
     3.843       720
    3.8445       720
     3.846       697
    3.8475       724
     3.849       697
    3.8505       688
     3.852       730
    3.8535       722
     3.855       712
    3.8565       764
     3.858       728
    3.8595       767
     3.861       734
    3.8625       732
     3.864       693
    3.8655       740
     3.867       735
    3.8685       783
      3.87       726
    3.8715       758
     3.873       771
    3.8745       735
     3.876       800
    3.8775       817
     3.879       772
    3.8805       795
     3.882       795
    3.8835       773
     3.885       779
    3.8865       853
     3.888       794
    3.8895       794
     3.891       794
    3.8925       839
     3.894       838
    3.8955       873
     3.897       817
    3.8985       884
       3.9       879
    3.9015       862
     3.903       855
    3.9045       837
     3.906       878
    3.9075       906
     3.909       874
    3.9105       934
     3.912       910
    3.9135       995
     3.915      1005
    3.9165       978
     3.918      1017
    3.9195       940
     3.921       988
    3.9225       979
     3.924      1029
    3.9255      1033
     3.927      1066
    3.9285      1107
      3.93      1080
    3.9315      1178
     3.933      1162
    3.9345      1193
     3.936      1190
    3.9375      1258
     3.939      1278
    3.9405      1251
     3.942      1315
    3.9435      1356
     3.945      1409
    3.9465      1515
     3.948      1484
    3.9495      1638
     3.951      1686
    3.9525      1767
     3.954      1897
    3.9555      2023
     3.957      2283
    3.9585      2587
      3.96      2970
    3.9615      3350
     3.963      3641
    3.9645      3517
     3.966      2845
    3.9675      1986
     3.969      1047
    3.9705       488
     3.972       204
    3.9735        62
     3.975         9
    3.9765         3
     3.978         0
    3.9795         0
     3.981         0
    3.9825         0
     3.984         0
