# min_pT_[GeV]  N_entries

         0         2
    0.0015         3
     0.003         2
    0.0045         0
     0.006         2
    0.0075         1
     0.009         3
    0.0105         1
     0.012         2
    0.0135         5
     0.015         2
    0.0165         2
     0.018         0
    0.0195         4
     0.021         6
    0.0225         4
     0.024         6
    0.0255         6
     0.027         2
    0.0285         1
      0.03         3
    0.0315         8
     0.033         7
    0.0345         3
     0.036         1
    0.0375         8
     0.039         5
    0.0405         6
     0.042         8
    0.0435         8
     0.045         6
    0.0465         6
     0.048         7
    0.0495         4
     0.051         8
    0.0525         7
     0.054         5
    0.0555        12
     0.057        12
    0.0585         6
      0.06         9
    0.0615         8
     0.063         7
    0.0645        11
     0.066         4
    0.0675        12
     0.069         7
    0.0705        16
     0.072         8
    0.0735         6
     0.075         5
    0.0765         8
     0.078        11
    0.0795         8
     0.081         9
    0.0825         9
     0.084         6
    0.0855        16
     0.087        12
    0.0885        15
      0.09         6
    0.0915        14
     0.093        10
    0.0945        11
     0.096        10
    0.0975        14
     0.099        17
    0.1005         9
     0.102         8
    0.1035        10
     0.105        14
    0.1065         7
     0.108        10
    0.1095        10
     0.111        12
    0.1125        11
     0.114         7
    0.1155        11
     0.117        10
    0.1185        19
      0.12        12
    0.1215        10
     0.123        16
    0.1245        14
     0.126         9
    0.1275        13
     0.129        18
    0.1305        13
     0.132        15
    0.1335         7
     0.135        12
    0.1365        10
     0.138        20
    0.1395        14
     0.141        13
    0.1425        14
     0.144         6
    0.1455        12
     0.147        18
    0.1485        15
      0.15         6
    0.1515        20
     0.153        13
    0.1545        16
     0.156        10
    0.1575         7
     0.159        19
    0.1605        18
     0.162         5
    0.1635        17
     0.165        13
    0.1665        18
     0.168        16
    0.1695        16
     0.171        10
    0.1725         9
     0.174        21
    0.1755        18
     0.177        18
    0.1785        19
      0.18        19
    0.1815        14
     0.183         9
    0.1845        18
     0.186        17
    0.1875        16
     0.189         9
    0.1905        19
     0.192        10
    0.1935        18
     0.195        17
    0.1965        18
     0.198        17
    0.1995        10
     0.201        15
    0.2025        16
     0.204        13
    0.2055        13
     0.207        17
    0.2085        16
      0.21        20
    0.2115        15
     0.213        19
    0.2145        13
     0.216        19
    0.2175        15
     0.219        12
    0.2205        12
     0.222        11
    0.2235        13
     0.225        10
    0.2265        30
     0.228        16
    0.2295        20
     0.231        22
    0.2325        20
     0.234        16
    0.2355        17
     0.237        18
    0.2385        15
      0.24        24
    0.2415        19
     0.243        20
    0.2445        17
     0.246        13
    0.2475        21
     0.249        22
    0.2505        14
     0.252        19
    0.2535        14
     0.255        19
    0.2565        20
     0.258        20
    0.2595        21
     0.261        19
    0.2625        14
     0.264        23
    0.2655        20
     0.267        22
    0.2685        13
      0.27        24
    0.2715        17
     0.273        21
    0.2745        23
     0.276        19
    0.2775        24
     0.279        26
    0.2805        16
     0.282        19
    0.2835        15
     0.285        19
    0.2865        22
     0.288        13
    0.2895        28
     0.291        17
    0.2925        24
     0.294        30
    0.2955        21
     0.297        18
    0.2985        16
       0.3        27
    0.3015        26
     0.303        23
    0.3045        23
     0.306        17
    0.3075        22
     0.309        15
    0.3105        13
     0.312        26
    0.3135        17
     0.315        20
    0.3165        20
     0.318        28
    0.3195        25
     0.321        27
    0.3225        25
     0.324        20
    0.3255        18
     0.327        18
    0.3285        18
      0.33        20
    0.3315        21
     0.333        17
    0.3345        25
     0.336        18
    0.3375        13
     0.339        19
    0.3405        14
     0.342        22
    0.3435        18
     0.345        25
    0.3465        16
     0.348        14
    0.3495        25
     0.351        28
    0.3525        24
     0.354        21
    0.3555        20
     0.357        29
    0.3585        24
      0.36        22
    0.3615        22
     0.363        29
    0.3645        17
     0.366        18
    0.3675        28
     0.369        24
    0.3705        27
     0.372        28
    0.3735        16
     0.375        20
    0.3765        35
     0.378        12
    0.3795        24
     0.381        25
    0.3825        24
     0.384        22
    0.3855        32
     0.387        19
    0.3885        34
      0.39        25
    0.3915        22
     0.393        29
    0.3945        22
     0.396        12
    0.3975        22
     0.399        25
    0.4005        26
     0.402        23
    0.4035        16
     0.405        39
    0.4065        22
     0.408        27
    0.4095        28
     0.411        30
    0.4125        21
     0.414        28
    0.4155        29
     0.417        25
    0.4185        27
      0.42        20
    0.4215        28
     0.423        16
    0.4245        23
     0.426        27
    0.4275        21
     0.429        25
    0.4305        25
     0.432        34
    0.4335        18
     0.435        26
    0.4365        28
     0.438        13
    0.4395        27
     0.441        28
    0.4425        23
     0.444        30
    0.4455        35
     0.447        36
    0.4485        21
      0.45        29
    0.4515        22
     0.453        35
    0.4545        28
     0.456        35
    0.4575        30
     0.459        24
    0.4605        25
     0.462        24
    0.4635        25
     0.465        30
    0.4665        35
     0.468        33
    0.4695        34
     0.471        27
    0.4725        23
     0.474        26
    0.4755        32
     0.477        23
    0.4785        24
      0.48        30
    0.4815        31
     0.483        23
    0.4845        25
     0.486        30
    0.4875        24
     0.489        30
    0.4905        32
     0.492        28
    0.4935        32
     0.495        25
    0.4965        26
     0.498        30
    0.4995        27
     0.501        34
    0.5025        14
     0.504        32
    0.5055        28
     0.507        26
    0.5085        24
      0.51        35
    0.5115        18
     0.513        21
    0.5145        35
     0.516        29
    0.5175        23
     0.519        37
    0.5205        41
     0.522        26
    0.5235        23
     0.525        25
    0.5265        30
     0.528        27
    0.5295        36
     0.531        23
    0.5325        30
     0.534        23
    0.5355        25
     0.537        26
    0.5385        24
      0.54        32
    0.5415        34
     0.543        29
    0.5445        39
     0.546        24
    0.5475        29
     0.549        33
    0.5505        32
     0.552        44
    0.5535        34
     0.555        29
    0.5565        34
     0.558        34
    0.5595        31
     0.561        27
    0.5625        28
     0.564        35
    0.5655        16
     0.567        34
    0.5685        24
      0.57        36
    0.5715        31
     0.573        32
    0.5745        33
     0.576        26
    0.5775        22
     0.579        28
    0.5805        35
     0.582        43
    0.5835        24
     0.585        26
    0.5865        33
     0.588        26
    0.5895        30
     0.591        35
    0.5925        26
     0.594        44
    0.5955        29
     0.597        32
    0.5985        31
       0.6        32
    0.6015        37
     0.603        36
    0.6045        38
     0.606        24
    0.6075        34
     0.609        39
    0.6105        27
     0.612        33
    0.6135        30
     0.615        30
    0.6165        26
     0.618        33
    0.6195        34
     0.621        27
    0.6225        37
     0.624        25
    0.6255        29
     0.627        25
    0.6285        28
      0.63        39
    0.6315        36
     0.633        34
    0.6345        34
     0.636        34
    0.6375        37
     0.639        41
    0.6405        31
     0.642        42
    0.6435        40
     0.645        29
    0.6465        45
     0.648        25
    0.6495        35
     0.651        40
    0.6525        29
     0.654        31
    0.6555        26
     0.657        29
    0.6585        35
      0.66        29
    0.6615        37
     0.663        29
    0.6645        35
     0.666        29
    0.6675        42
     0.669        41
    0.6705        35
     0.672        22
    0.6735        26
     0.675        35
    0.6765        30
     0.678        26
    0.6795        49
     0.681        40
    0.6825        31
     0.684        34
    0.6855        36
     0.687        31
    0.6885        31
      0.69        36
    0.6915        30
     0.693        33
    0.6945        28
     0.696        29
    0.6975        35
     0.699        36
    0.7005        30
     0.702        25
    0.7035        35
     0.705        29
    0.7065        39
     0.708        38
    0.7095        36
     0.711        35
    0.7125        37
     0.714        39
    0.7155        37
     0.717        27
    0.7185        27
      0.72        27
    0.7215        36
     0.723        37
    0.7245        31
     0.726        26
    0.7275        38
     0.729        27
    0.7305        37
     0.732        24
    0.7335        36
     0.735        44
    0.7365        43
     0.738        37
    0.7395        34
     0.741        29
    0.7425        48
     0.744        33
    0.7455        34
     0.747        40
    0.7485        26
      0.75        29
    0.7515        27
     0.753        40
    0.7545        33
     0.756        37
    0.7575        31
     0.759        43
    0.7605        46
     0.762        37
    0.7635        31
     0.765        29
    0.7665        32
     0.768        36
    0.7695        58
     0.771        43
    0.7725        30
     0.774        33
    0.7755        39
     0.777        32
    0.7785        27
      0.78        32
    0.7815        32
     0.783        42
    0.7845        38
     0.786        37
    0.7875        31
     0.789        41
    0.7905        38
     0.792        29
    0.7935        36
     0.795        35
    0.7965        38
     0.798        40
    0.7995        34
     0.801        32
    0.8025        39
     0.804        32
    0.8055        38
     0.807        38
    0.8085        34
      0.81        31
    0.8115        33
     0.813        34
    0.8145        40
     0.816        36
    0.8175        39
     0.819        47
    0.8205        30
     0.822        34
    0.8235        38
     0.825        38
    0.8265        54
     0.828        34
    0.8295        30
     0.831        40
    0.8325        43
     0.834        31
    0.8355        38
     0.837        35
    0.8385        46
      0.84        40
    0.8415        35
     0.843        29
    0.8445        36
     0.846        23
    0.8475        36
     0.849        39
    0.8505        45
     0.852        31
    0.8535        41
     0.855        39
    0.8565        30
     0.858        34
    0.8595        36
     0.861        41
    0.8625        45
     0.864        37
    0.8655        47
     0.867        39
    0.8685        31
      0.87        29
    0.8715        38
     0.873        35
    0.8745        37
     0.876        26
    0.8775        43
     0.879        36
    0.8805        42
     0.882        33
    0.8835        35
     0.885        31
    0.8865        51
     0.888        38
    0.8895        36
     0.891        35
    0.8925        33
     0.894        43
    0.8955        30
     0.897        36
    0.8985        34
       0.9        30
    0.9015        32
     0.903        37
    0.9045        40
     0.906        49
    0.9075        36
     0.909        33
    0.9105        31
     0.912        38
    0.9135        39
     0.915        36
    0.9165        44
     0.918        38
    0.9195        48
     0.921        33
    0.9225        40
     0.924        36
    0.9255        47
     0.927        50
    0.9285        41
      0.93        37
    0.9315        38
     0.933        30
    0.9345        39
     0.936        33
    0.9375        34
     0.939        41
    0.9405        57
     0.942        39
    0.9435        29
     0.945        30
    0.9465        47
     0.948        30
    0.9495        37
     0.951        32
    0.9525        45
     0.954        49
    0.9555        39
     0.957        44
    0.9585        43
      0.96        39
    0.9615        54
     0.963        41
    0.9645        44
     0.966        37
    0.9675        39
     0.969        49
    0.9705        42
     0.972        38
    0.9735        40
     0.975        55
    0.9765        41
     0.978        41
    0.9795        41
     0.981        34
    0.9825        36
     0.984        52
    0.9855        43
     0.987        41
    0.9885        43
      0.99        37
    0.9915        32
     0.993        39
    0.9945        40
     0.996        48
    0.9975        45
     0.999        41
    1.0005        45
     1.002        44
    1.0035        39
     1.005        44
    1.0065        39
     1.008        41
    1.0095        30
     1.011        30
    1.0125        41
     1.014        48
    1.0155        34
     1.017        34
    1.0185        37
      1.02        45
    1.0215        28
     1.023        26
    1.0245        38
     1.026        32
    1.0275        38
     1.029        36
    1.0305        35
     1.032        36
    1.0335        42
     1.035        34
    1.0365        39
     1.038        42
    1.0395        40
     1.041        35
    1.0425        50
     1.044        42
    1.0455        39
     1.047        36
    1.0485        46
      1.05        44
    1.0515        37
     1.053        48
    1.0545        44
     1.056        35
    1.0575        31
     1.059        44
    1.0605        49
     1.062        37
    1.0635        47
     1.065        38
    1.0665        47
     1.068        42
    1.0695        38
     1.071        32
    1.0725        40
     1.074        49
    1.0755        35
     1.077        39
    1.0785        40
      1.08        45
    1.0815        48
     1.083        43
    1.0845        46
     1.086        41
    1.0875        37
     1.089        40
    1.0905        40
     1.092        49
    1.0935        44
     1.095        43
    1.0965        34
     1.098        39
    1.0995        38
     1.101        46
    1.1025        33
     1.104        46
    1.1055        53
     1.107        57
    1.1085        43
      1.11        46
    1.1115        46
     1.113        43
    1.1145        42
     1.116        45
    1.1175        47
     1.119        39
    1.1205        38
     1.122        46
    1.1235        46
     1.125        39
    1.1265        44
     1.128        32
    1.1295        51
     1.131        47
    1.1325        46
     1.134        43
    1.1355        36
     1.137        43
    1.1385        38
      1.14        55
    1.1415        37
     1.143        32
    1.1445        54
     1.146        42
    1.1475        46
     1.149        39
    1.1505        49
     1.152        32
    1.1535        48
     1.155        35
    1.1565        38
     1.158        48
    1.1595        47
     1.161        45
    1.1625        42
     1.164        50
    1.1655        36
     1.167        37
    1.1685        48
      1.17        47
    1.1715        44
     1.173        43
    1.1745        40
     1.176        41
    1.1775        49
     1.179        35
    1.1805        46
     1.182        46
    1.1835        52
     1.185        36
    1.1865        47
     1.188        47
    1.1895        37
     1.191        38
    1.1925        37
     1.194        38
    1.1955        40
     1.197        49
    1.1985        39
       1.2        44
    1.2015        47
     1.203        47
    1.2045        51
     1.206        40
    1.2075        34
     1.209        38
    1.2105        37
     1.212        37
    1.2135        49
     1.215        39
    1.2165        46
     1.218        39
    1.2195        39
     1.221        54
    1.2225        42
     1.224        49
    1.2255        50
     1.227        49
    1.2285        48
      1.23        38
    1.2315        48
     1.233        45
    1.2345        45
     1.236        47
    1.2375        46
     1.239        54
    1.2405        55
     1.242        47
    1.2435        42
     1.245        34
    1.2465        37
     1.248        49
    1.2495        42
     1.251        44
    1.2525        36
     1.254        38
    1.2555        40
     1.257        48
    1.2585        34
      1.26        51
    1.2615        49
     1.263        36
    1.2645        44
     1.266        34
    1.2675        43
     1.269        48
    1.2705        49
     1.272        43
    1.2735        41
     1.275        43
    1.2765        43
     1.278        47
    1.2795        45
     1.281        47
    1.2825        41
     1.284        45
    1.2855        41
     1.287        46
    1.2885        57
      1.29        47
    1.2915        31
     1.293        41
    1.2945        48
     1.296        44
    1.2975        32
     1.299        34
    1.3005        49
     1.302        40
    1.3035        38
     1.305        38
    1.3065        40
     1.308        46
    1.3095        40
     1.311        30
    1.3125        57
     1.314        45
    1.3155        39
     1.317        42
    1.3185        47
      1.32        39
    1.3215        31
     1.323        44
    1.3245        47
     1.326        42
    1.3275        48
     1.329        52
    1.3305        47
     1.332        48
    1.3335        57
     1.335        53
    1.3365        33
     1.338        55
    1.3395        52
     1.341        48
    1.3425        40
     1.344        42
    1.3455        53
     1.347        35
    1.3485        53
      1.35        44
    1.3515        34
     1.353        53
    1.3545        38
     1.356        67
    1.3575        47
     1.359        45
    1.3605        46
     1.362        56
    1.3635        45
     1.365        38
    1.3665        47
     1.368        50
    1.3695        45
     1.371        52
    1.3725        48
     1.374        47
    1.3755        47
     1.377        47
    1.3785        45
      1.38        49
    1.3815        35
     1.383        48
    1.3845        45
     1.386        54
    1.3875        49
     1.389        55
    1.3905        55
     1.392        49
    1.3935        44
     1.395        45
    1.3965        50
     1.398        42
    1.3995        39
     1.401        35
    1.4025        38
     1.404        55
    1.4055        37
     1.407        40
    1.4085        47
      1.41        42
    1.4115        57
     1.413        63
    1.4145        31
     1.416        53
    1.4175        61
     1.419        48
    1.4205        47
     1.422        40
    1.4235        51
     1.425        39
    1.4265        60
     1.428        49
    1.4295        39
     1.431        45
    1.4325        45
     1.434        46
    1.4355        56
     1.437        47
    1.4385        57
      1.44        50
    1.4415        52
     1.443        48
    1.4445        48
     1.446        45
    1.4475        47
     1.449        41
    1.4505        52
     1.452        43
    1.4535        52
     1.455        50
    1.4565        60
     1.458        72
    1.4595        50
     1.461        53
    1.4625        42
     1.464        47
    1.4655        39
     1.467        52
    1.4685        46
      1.47        31
    1.4715        44
     1.473        47
    1.4745        49
     1.476        58
    1.4775        49
     1.479        40
    1.4805        53
     1.482        41
    1.4835        51
     1.485        48
    1.4865        57
     1.488        56
    1.4895        59
     1.491        39
    1.4925        45
     1.494        41
    1.4955        51
     1.497        52
    1.4985        49
       1.5        46
    1.5015        45
     1.503        44
    1.5045        46
     1.506        45
    1.5075        42
     1.509        43
    1.5105        43
     1.512        32
    1.5135        41
     1.515        43
    1.5165        60
     1.518        47
    1.5195        34
     1.521        47
    1.5225        58
     1.524        39
    1.5255        48
     1.527        46
    1.5285        35
      1.53        36
    1.5315        47
     1.533        50
    1.5345        35
     1.536        56
    1.5375        57
     1.539        62
    1.5405        47
     1.542        65
    1.5435        36
     1.545        58
    1.5465        47
     1.548        43
    1.5495        50
     1.551        30
    1.5525        54
     1.554        56
    1.5555        46
     1.557        48
    1.5585        52
      1.56        47
    1.5615        39
     1.563        47
    1.5645        52
     1.566        48
    1.5675        56
     1.569        44
    1.5705        38
     1.572        48
    1.5735        61
     1.575        48
    1.5765        45
     1.578        52
    1.5795        45
     1.581        55
    1.5825        52
     1.584        49
    1.5855        40
     1.587        42
    1.5885        57
      1.59        52
    1.5915        62
     1.593        62
    1.5945        57
     1.596        49
    1.5975        45
     1.599        51
    1.6005        44
     1.602        61
    1.6035        37
     1.605        41
    1.6065        48
     1.608        59
    1.6095        45
     1.611        50
    1.6125        49
     1.614        45
    1.6155        52
     1.617        46
    1.6185        41
      1.62        46
    1.6215        54
     1.623        42
    1.6245        50
     1.626        66
    1.6275        46
     1.629        40
    1.6305        53
     1.632        62
    1.6335        54
     1.635        62
    1.6365        48
     1.638        51
    1.6395        35
     1.641        57
    1.6425        53
     1.644        45
    1.6455        35
     1.647        48
    1.6485        50
      1.65        44
    1.6515        49
     1.653        64
    1.6545        40
     1.656        55
    1.6575        51
     1.659        49
    1.6605        54
     1.662        44
    1.6635        36
     1.665        62
    1.6665        39
     1.668        62
    1.6695        50
     1.671        51
    1.6725        51
     1.674        40
    1.6755        47
     1.677        67
    1.6785        32
      1.68        55
    1.6815        49
     1.683        47
    1.6845        47
     1.686        51
    1.6875        50
     1.689        67
    1.6905        42
     1.692        60
    1.6935        52
     1.695        49
    1.6965        47
     1.698        59
    1.6995        47
     1.701        52
    1.7025        43
     1.704        50
    1.7055        46
     1.707        48
    1.7085        46
      1.71        37
    1.7115        43
     1.713        61
    1.7145        51
     1.716        47
    1.7175        47
     1.719        49
    1.7205        55
     1.722        65
    1.7235        51
     1.725        37
    1.7265        50
     1.728        43
    1.7295        52
     1.731        47
    1.7325        48
     1.734        40
    1.7355        47
     1.737        48
    1.7385        51
      1.74        53
    1.7415        53
     1.743        37
    1.7445        40
     1.746        39
    1.7475        49
     1.749        50
    1.7505        44
     1.752        54
    1.7535        55
     1.755        47
    1.7565        49
     1.758        50
    1.7595        41
     1.761        52
    1.7625        45
     1.764        60
    1.7655        56
     1.767        38
    1.7685        53
      1.77        47
    1.7715        52
     1.773        56
    1.7745        45
     1.776        30
    1.7775        57
     1.779        52
    1.7805        46
     1.782        54
    1.7835        51
     1.785        52
    1.7865        47
     1.788        46
    1.7895        53
     1.791        51
    1.7925        50
     1.794        47
    1.7955        46
     1.797        41
    1.7985        49
       1.8        52
    1.8015        42
     1.803        64
    1.8045        53
     1.806        72
    1.8075        37
     1.809        49
    1.8105        43
     1.812        57
    1.8135        46
     1.815        36
    1.8165        57
     1.818        56
    1.8195        51
     1.821        55
    1.8225        42
     1.824        60
    1.8255        46
     1.827        60
    1.8285        63
      1.83        40
    1.8315        53
     1.833        52
    1.8345        59
     1.836        52
    1.8375        53
     1.839        47
    1.8405        46
     1.842        49
    1.8435        48
     1.845        51
    1.8465        56
     1.848        59
    1.8495        45
     1.851        53
    1.8525        53
     1.854        58
    1.8555        67
     1.857        53
    1.8585        46
      1.86        73
    1.8615        53
     1.863        49
    1.8645        53
     1.866        45
    1.8675        59
     1.869        48
    1.8705        40
     1.872        44
    1.8735        40
     1.875        53
    1.8765        59
     1.878        59
    1.8795        54
     1.881        49
    1.8825        47
     1.884        58
    1.8855        46
     1.887        53
    1.8885        45
      1.89        60
    1.8915        60
     1.893        51
    1.8945        61
     1.896        52
    1.8975        57
     1.899        54
    1.9005        35
     1.902        56
    1.9035        43
     1.905        44
    1.9065        49
     1.908        44
    1.9095        56
     1.911        52
    1.9125        62
     1.914        51
    1.9155        51
     1.917        55
    1.9185        48
      1.92        56
    1.9215        45
     1.923        43
    1.9245        55
     1.926        60
    1.9275        55
     1.929        64
    1.9305        61
     1.932        46
    1.9335        52
     1.935        50
    1.9365        51
     1.938        57
    1.9395        52
     1.941        49
    1.9425        48
     1.944        46
    1.9455        53
     1.947        45
    1.9485        71
      1.95        51
    1.9515        47
     1.953        57
    1.9545        53
     1.956        43
    1.9575        36
     1.959        49
    1.9605        60
     1.962        49
    1.9635        54
     1.965        49
    1.9665        52
     1.968        52
    1.9695        55
     1.971        59
    1.9725        50
     1.974        48
    1.9755        57
     1.977        60
    1.9785        56
      1.98        55
    1.9815        48
     1.983        75
    1.9845        59
     1.986        60
    1.9875        53
     1.989        66
    1.9905        55
     1.992        47
    1.9935        48
     1.995        58
    1.9965        44
     1.998        51
    1.9995        59
     2.001        44
    2.0025        47
     2.004        71
    2.0055        58
     2.007        54
    2.0085        57
      2.01        48
    2.0115        57
     2.013        50
    2.0145        56
     2.016        63
    2.0175        54
     2.019        49
    2.0205        53
     2.022        44
    2.0235        58
     2.025        43
    2.0265        56
     2.028        50
    2.0295        50
     2.031        46
    2.0325        53
     2.034        55
    2.0355        55
     2.037        38
    2.0385        52
      2.04        58
    2.0415        52
     2.043        48
    2.0445        55
     2.046        45
    2.0475        60
     2.049        48
    2.0505        53
     2.052        61
    2.0535        50
     2.055        50
    2.0565        56
     2.058        47
    2.0595        55
     2.061        47
    2.0625        43
     2.064        47
    2.0655        53
     2.067        61
    2.0685        53
      2.07        46
    2.0715        60
     2.073        54
    2.0745        51
     2.076        54
    2.0775        54
     2.079        50
    2.0805        55
     2.082        63
    2.0835        60
     2.085        62
    2.0865        61
     2.088        42
    2.0895        54
     2.091        49
    2.0925        67
     2.094        73
    2.0955        53
     2.097        63
    2.0985        48
       2.1        44
    2.1015        41
     2.103        57
    2.1045        49
     2.106        53
    2.1075        45
     2.109        52
    2.1105        60
     2.112        51
    2.1135        52
     2.115        56
    2.1165        69
     2.118        62
    2.1195        47
     2.121        58
    2.1225        55
     2.124        48
    2.1255        62
     2.127        60
    2.1285        45
      2.13        66
    2.1315        64
     2.133        55
    2.1345        49
     2.136        64
    2.1375        66
     2.139        50
    2.1405        47
     2.142        60
    2.1435        54
     2.145        55
    2.1465        58
     2.148        52
    2.1495        57
     2.151        58
    2.1525        57
     2.154        46
    2.1555        46
     2.157        58
    2.1585        59
      2.16        50
    2.1615        57
     2.163        61
    2.1645        45
     2.166        51
    2.1675        55
     2.169        49
    2.1705        57
     2.172        56
    2.1735        60
     2.175        48
    2.1765        67
     2.178        57
    2.1795        51
     2.181        54
    2.1825        53
     2.184        52
    2.1855        61
     2.187        52
    2.1885        63
      2.19        58
    2.1915        62
     2.193        63
    2.1945        46
     2.196        63
    2.1975        58
     2.199        59
    2.2005        43
     2.202        50
    2.2035        41
     2.205        55
    2.2065        58
     2.208        50
    2.2095        49
     2.211        45
    2.2125        50
     2.214        50
    2.2155        65
     2.217        48
    2.2185        42
      2.22        44
    2.2215        40
     2.223        54
    2.2245        57
     2.226        47
    2.2275        56
     2.229        47
    2.2305        54
     2.232        55
    2.2335        57
     2.235        40
    2.2365        53
     2.238        41
    2.2395        54
     2.241        56
    2.2425        55
     2.244        52
    2.2455        30
     2.247        52
    2.2485        54
      2.25        52
    2.2515        59
     2.253        58
    2.2545        48
     2.256        58
    2.2575        57
     2.259        57
    2.2605        48
     2.262        66
    2.2635        67
     2.265        44
    2.2665        51
     2.268        45
    2.2695        40
     2.271        51
    2.2725        55
     2.274        51
    2.2755        50
     2.277        46
    2.2785        60
      2.28        45
    2.2815        63
     2.283        52
    2.2845        62
     2.286        45
    2.2875        59
     2.289        60
    2.2905        53
     2.292        53
    2.2935        65
     2.295        48
    2.2965        59
     2.298        39
    2.2995        41
     2.301        46
    2.3025        62
     2.304        71
    2.3055        51
     2.307        52
    2.3085        59
      2.31        58
    2.3115        46
     2.313        41
    2.3145        52
     2.316        60
    2.3175        50
     2.319        42
    2.3205        66
     2.322        62
    2.3235        47
     2.325        67
    2.3265        52
     2.328        54
    2.3295        63
     2.331        54
    2.3325        57
     2.334        55
    2.3355        63
     2.337        51
    2.3385        51
      2.34        50
    2.3415        46
     2.343        60
    2.3445        67
     2.346        60
    2.3475        52
     2.349        67
    2.3505        57
     2.352        50
    2.3535        60
     2.355        54
    2.3565        47
     2.358        64
    2.3595        64
     2.361        48
    2.3625        50
     2.364        57
    2.3655        59
     2.367        39
    2.3685        53
      2.37        51
    2.3715        66
     2.373        59
    2.3745        73
     2.376        59
    2.3775        57
     2.379        62
    2.3805        51
     2.382        50
    2.3835        54
     2.385        52
    2.3865        44
     2.388        70
    2.3895        53
     2.391        44
    2.3925        51
     2.394        58
    2.3955        74
     2.397        54
    2.3985        52
       2.4        57
    2.4015        53
     2.403        37
    2.4045        59
     2.406        63
    2.4075        50
     2.409        72
    2.4105        57
     2.412        57
    2.4135        60
     2.415        55
    2.4165        39
     2.418        62
    2.4195        48
     2.421        51
    2.4225        63
     2.424        57
    2.4255        59
     2.427        46
    2.4285        56
      2.43        47
    2.4315        53
     2.433        56
    2.4345        62
     2.436        36
    2.4375        44
     2.439        56
    2.4405        63
     2.442        45
    2.4435        46
     2.445        56
    2.4465        40
     2.448        66
    2.4495        54
     2.451        50
    2.4525        49
     2.454        53
    2.4555        58
     2.457        53
    2.4585        55
      2.46        56
    2.4615        56
     2.463        58
    2.4645        61
     2.466        43
    2.4675        69
     2.469        53
    2.4705        60
     2.472        48
    2.4735        50
     2.475        51
    2.4765        60
     2.478        55
    2.4795        52
     2.481        60
    2.4825        60
     2.484        60
    2.4855        51
     2.487        53
    2.4885        60
      2.49        49
    2.4915        61
     2.493        52
    2.4945        38
     2.496        61
    2.4975        31
     2.499        67
    2.5005        49
     2.502        56
    2.5035        57
     2.505        56
    2.5065        55
     2.508        59
    2.5095        66
     2.511        64
    2.5125        48
     2.514        55
    2.5155        47
     2.517        52
    2.5185        55
      2.52        56
    2.5215        55
     2.523        46
    2.5245        52
     2.526        51
    2.5275        51
     2.529        53
    2.5305        64
     2.532        48
    2.5335        47
     2.535        45
    2.5365        47
     2.538        57
    2.5395        46
     2.541        74
    2.5425        57
     2.544        57
    2.5455        52
     2.547        42
    2.5485        63
      2.55        60
    2.5515        67
     2.553        46
    2.5545        49
     2.556        62
    2.5575        49
     2.559        63
    2.5605        60
     2.562        52
    2.5635        55
     2.565        38
    2.5665        57
     2.568        68
    2.5695        49
     2.571        51
    2.5725        48
     2.574        61
    2.5755        60
     2.577        59
    2.5785        41
      2.58        47
    2.5815        57
     2.583        60
    2.5845        48
     2.586        46
    2.5875        53
     2.589        50
    2.5905        52
     2.592        76
    2.5935        52
     2.595        41
    2.5965        66
     2.598        59
    2.5995        44
     2.601        59
    2.6025        61
     2.604        47
    2.6055        57
     2.607        63
    2.6085        65
      2.61        57
    2.6115        74
     2.613        57
    2.6145        54
     2.616        54
    2.6175        46
     2.619        51
    2.6205        46
     2.622        54
    2.6235        61
     2.625        70
    2.6265        57
     2.628        54
    2.6295        37
     2.631        55
    2.6325        49
     2.634        60
    2.6355        57
     2.637        58
    2.6385        53
      2.64        66
    2.6415        55
     2.643        55
    2.6445        59
     2.646        61
    2.6475        56
     2.649        51
    2.6505        64
     2.652        68
    2.6535        52
     2.655        63
    2.6565        51
     2.658        61
    2.6595        56
     2.661        52
    2.6625        55
     2.664        57
    2.6655        38
     2.667        50
    2.6685        62
      2.67        47
    2.6715        50
     2.673        50
    2.6745        53
     2.676        50
    2.6775        41
     2.679        58
    2.6805        45
     2.682        57
    2.6835        43
     2.685        58
    2.6865        47
     2.688        56
    2.6895        58
     2.691        59
    2.6925        60
     2.694        65
    2.6955        52
     2.697        53
    2.6985        59
       2.7        57
    2.7015        63
     2.703        59
    2.7045        54
     2.706        49
    2.7075        48
     2.709        52
    2.7105        52
     2.712        46
    2.7135        47
     2.715        43
    2.7165        68
     2.718        59
    2.7195        63
     2.721        62
    2.7225        57
     2.724        58
    2.7255        51
     2.727        57
    2.7285        59
      2.73        58
    2.7315        60
     2.733        58
    2.7345        47
     2.736        54
    2.7375        55
     2.739        63
    2.7405        54
     2.742        41
    2.7435        46
     2.745        41
    2.7465        71
     2.748        54
    2.7495        43
     2.751        53
    2.7525        55
     2.754        48
    2.7555        55
     2.757        71
    2.7585        54
      2.76        46
    2.7615        46
     2.763        48
    2.7645        62
     2.766        50
    2.7675        69
     2.769        44
    2.7705        49
     2.772        56
    2.7735        50
     2.775        51
    2.7765        59
     2.778        42
    2.7795        56
     2.781        55
    2.7825        67
     2.784        53
    2.7855        57
     2.787        48
    2.7885        58
      2.79        57
    2.7915        63
     2.793        53
    2.7945        55
     2.796        59
    2.7975        53
     2.799        51
    2.8005        54
     2.802        48
    2.8035        57
     2.805        66
    2.8065        64
     2.808        55
    2.8095        56
     2.811        43
    2.8125        46
     2.814        46
    2.8155        64
     2.817        46
    2.8185        55
      2.82        51
    2.8215        50
     2.823        58
    2.8245        60
     2.826        48
    2.8275        60
     2.829        54
    2.8305        39
     2.832        56
    2.8335        44
     2.835        60
    2.8365        62
     2.838        55
    2.8395        49
     2.841        53
    2.8425        54
     2.844        48
    2.8455        40
     2.847        50
    2.8485        50
      2.85        38
    2.8515        59
     2.853        55
    2.8545        55
     2.856        50
    2.8575        53
     2.859        43
    2.8605        60
     2.862        58
    2.8635        52
     2.865        40
    2.8665        59
     2.868        68
    2.8695        55
     2.871        59
    2.8725        48
     2.874        45
    2.8755        56
     2.877        51
    2.8785        63
      2.88        49
    2.8815        51
     2.883        41
    2.8845        65
     2.886        65
    2.8875        50
     2.889        54
    2.8905        50
     2.892        48
    2.8935        48
     2.895        36
    2.8965        56
     2.898        51
    2.8995        56
     2.901        58
    2.9025        55
     2.904        44
    2.9055        49
     2.907        65
    2.9085        46
      2.91        39
    2.9115        58
     2.913        53
    2.9145        44
     2.916        50
    2.9175        52
     2.919        42
    2.9205        66
     2.922        55
    2.9235        43
     2.925        54
    2.9265        49
     2.928        45
    2.9295        61
     2.931        60
    2.9325        61
     2.934        61
    2.9355        64
     2.937        59
    2.9385        60
      2.94        61
    2.9415        48
     2.943        65
    2.9445        51
     2.946        50
    2.9475        55
     2.949        53
    2.9505        58
     2.952        49
    2.9535        54
     2.955        43
    2.9565        63
     2.958        56
    2.9595        49
     2.961        49
    2.9625        59
     2.964        52
    2.9655        56
     2.967        52
    2.9685        51
      2.97        44
    2.9715        47
     2.973        51
    2.9745        59
     2.976        54
    2.9775        55
     2.979        45
    2.9805        49
     2.982        60
    2.9835        50
     2.985        52
    2.9865        63
     2.988        65
    2.9895        52
     2.991        43
    2.9925        38
     2.994        62
    2.9955        59
     2.997        45
    2.9985        53
         3        45
    3.0015        42
     3.003        48
    3.0045        33
     3.006        61
    3.0075        47
     3.009        63
    3.0105        61
     3.012        46
    3.0135        49
     3.015        45
    3.0165        47
     3.018        41
    3.0195        60
     3.021        34
    3.0225        53
     3.024        57
    3.0255        49
     3.027        47
    3.0285        48
      3.03        45
    3.0315        53
     3.033        55
    3.0345        57
     3.036        49
    3.0375        60
     3.039        71
    3.0405        53
     3.042        59
    3.0435        49
     3.045        47
    3.0465        53
     3.048        48
    3.0495        57
     3.051        57
    3.0525        50
     3.054        63
    3.0555        62
     3.057        49
    3.0585        59
      3.06        52
    3.0615        39
     3.063        53
    3.0645        60
     3.066        60
    3.0675        55
     3.069        67
    3.0705        56
     3.072        55
    3.0735        38
     3.075        33
    3.0765        52
     3.078        62
    3.0795        63
     3.081        56
    3.0825        55
     3.084        58
    3.0855        43
     3.087        52
    3.0885        50
      3.09        57
    3.0915        53
     3.093        44
    3.0945        51
     3.096        55
    3.0975        47
     3.099        47
    3.1005        43
     3.102        55
    3.1035        50
     3.105        53
    3.1065        62
     3.108        64
    3.1095        59
     3.111        53
    3.1125        54
     3.114        45
    3.1155        48
     3.117        55
    3.1185        63
      3.12        53
    3.1215        45
     3.123        50
    3.1245        48
     3.126        50
    3.1275        52
     3.129        58
    3.1305        48
     3.132        54
    3.1335        61
     3.135        47
    3.1365        54
     3.138        45
    3.1395        57
     3.141        58
    3.1425        49
     3.144        47
    3.1455        55
     3.147        63
    3.1485        57
      3.15        57
    3.1515        45
     3.153        41
    3.1545        65
     3.156        54
    3.1575        45
     3.159        42
    3.1605        56
     3.162        54
    3.1635        56
     3.165        61
    3.1665        44
     3.168        57
    3.1695        45
     3.171        52
    3.1725        48
     3.174        60
    3.1755        46
     3.177        43
    3.1785        61
      3.18        57
    3.1815        48
     3.183        50
    3.1845        55
     3.186        51
    3.1875        44
     3.189        53
    3.1905        49
     3.192        45
    3.1935        47
     3.195        52
    3.1965        55
     3.198        51
    3.1995        53
     3.201        48
    3.2025        59
     3.204        42
    3.2055        53
     3.207        48
    3.2085        59
      3.21        51
    3.2115        42
     3.213        44
    3.2145        53
     3.216        52
    3.2175        54
     3.219        65
    3.2205        52
     3.222        46
    3.2235        58
     3.225        56
    3.2265        47
     3.228        59
    3.2295        52
     3.231        46
    3.2325        39
     3.234        41
    3.2355        59
     3.237        34
    3.2385        43
      3.24        52
    3.2415        42
     3.243        48
    3.2445        49
     3.246        39
    3.2475        36
     3.249        57
    3.2505        49
     3.252        45
    3.2535        51
     3.255        69
    3.2565        60
     3.258        56
    3.2595        48
     3.261        51
    3.2625        59
     3.264        51
    3.2655        54
     3.267        53
    3.2685        45
      3.27        60
    3.2715        51
     3.273        48
    3.2745        64
     3.276        60
    3.2775        49
     3.279        61
    3.2805        60
     3.282        48
    3.2835        46
     3.285        53
    3.2865        45
     3.288        65
    3.2895        44
     3.291        58
    3.2925        50
     3.294        53
    3.2955        46
     3.297        43
    3.2985        48
       3.3        65
    3.3015        63
     3.303        57
    3.3045        55
     3.306        49
    3.3075        47
     3.309        46
    3.3105        48
     3.312        43
    3.3135        48
     3.315        59
    3.3165        39
     3.318        56
    3.3195        52
     3.321        47
    3.3225        44
     3.324        54
    3.3255        56
     3.327        47
    3.3285        43
      3.33        46
    3.3315        48
     3.333        51
    3.3345        38
     3.336        50
    3.3375        60
     3.339        53
    3.3405        61
     3.342        43
    3.3435        62
     3.345        44
    3.3465        46
     3.348        48
    3.3495        49
     3.351        51
    3.3525        54
     3.354        55
    3.3555        34
     3.357        52
    3.3585        41
      3.36        56
    3.3615        44
     3.363        50
    3.3645        43
     3.366        50
    3.3675        47
     3.369        42
    3.3705        48
     3.372        38
    3.3735        50
     3.375        54
    3.3765        57
     3.378        42
    3.3795        51
     3.381        46
    3.3825        46
     3.384        46
    3.3855        63
     3.387        33
    3.3885        38
      3.39        46
    3.3915        48
     3.393        48
    3.3945        45
     3.396        58
    3.3975        48
     3.399        42
    3.4005        60
     3.402        60
    3.4035        66
     3.405        41
    3.4065        57
     3.408        44
    3.4095        58
     3.411        57
    3.4125        42
     3.414        53
    3.4155        47
     3.417        47
    3.4185        55
      3.42        45
    3.4215        46
     3.423        43
    3.4245        47
     3.426        52
    3.4275        47
     3.429        45
    3.4305        56
     3.432        52
    3.4335        31
     3.435        48
    3.4365        52
     3.438        49
    3.4395        48
     3.441        60
    3.4425        57
     3.444        56
    3.4455        38
     3.447        40
    3.4485        51
      3.45        53
    3.4515        53
     3.453        48
    3.4545        61
     3.456        54
    3.4575        52
     3.459        50
    3.4605        48
     3.462        47
    3.4635        43
     3.465        51
    3.4665        44
     3.468        46
    3.4695        36
     3.471        46
    3.4725        49
     3.474        59
    3.4755        48
     3.477        53
    3.4785        53
      3.48        60
    3.4815        38
     3.483        51
    3.4845        35
     3.486        47
    3.4875        46
     3.489        52
    3.4905        56
     3.492        50
    3.4935        50
     3.495        47
    3.4965        35
     3.498        41
    3.4995        41
     3.501        51
    3.5025        42
     3.504        50
    3.5055        33
     3.507        43
    3.5085        52
      3.51        47
    3.5115        52
     3.513        54
    3.5145        50
     3.516        49
    3.5175        43
     3.519        51
    3.5205        54
     3.522        54
    3.5235        47
     3.525        44
    3.5265        35
     3.528        42
    3.5295        40
     3.531        41
    3.5325        60
     3.534        40
    3.5355        38
     3.537        49
    3.5385        52
      3.54        45
    3.5415        46
     3.543        39
    3.5445        45
     3.546        51
    3.5475        40
     3.549        51
    3.5505        40
     3.552        52
    3.5535        38
     3.555        58
    3.5565        57
     3.558        44
    3.5595        38
     3.561        62
    3.5625        47
     3.564        55
    3.5655        45
     3.567        49
    3.5685        53
      3.57        41
    3.5715        57
     3.573        39
    3.5745        39
     3.576        43
    3.5775        40
     3.579        35
    3.5805        40
     3.582        42
    3.5835        56
     3.585        39
    3.5865        48
     3.588        51
    3.5895        41
     3.591        41
    3.5925        45
     3.594        42
    3.5955        37
     3.597        44
    3.5985        50
       3.6        33
    3.6015        55
     3.603        55
    3.6045        51
     3.606        54
    3.6075        49
     3.609        47
    3.6105        44
     3.612        47
    3.6135        39
     3.615        44
    3.6165        52
     3.618        45
    3.6195        38
     3.621        48
    3.6225        58
     3.624        54
    3.6255        42
     3.627        61
    3.6285        54
      3.63        48
    3.6315        42
     3.633        53
    3.6345        41
     3.636        55
    3.6375        47
     3.639        50
    3.6405        41
     3.642        40
    3.6435        56
     3.645        31
    3.6465        56
     3.648        49
    3.6495        47
     3.651        49
    3.6525        50
     3.654        58
    3.6555        38
     3.657        44
    3.6585        36
      3.66        36
    3.6615        46
     3.663        48
    3.6645        46
     3.666        51
    3.6675        55
     3.669        38
    3.6705        43
     3.672        39
    3.6735        50
     3.675        42
    3.6765        37
     3.678        35
    3.6795        48
     3.681        36
    3.6825        57
     3.684        44
    3.6855        44
     3.687        44
    3.6885        34
      3.69        54
    3.6915        44
     3.693        51
    3.6945        58
     3.696        45
    3.6975        39
     3.699        54
    3.7005        46
     3.702        54
    3.7035        33
     3.705        50
    3.7065        38
     3.708        46
    3.7095        57
     3.711        50
    3.7125        45
     3.714        50
    3.7155        32
     3.717        46
    3.7185        38
      3.72        43
    3.7215        50
     3.723        51
    3.7245        49
     3.726        50
    3.7275        41
     3.729        45
    3.7305        41
     3.732        57
    3.7335        40
     3.735        40
    3.7365        52
     3.738        59
    3.7395        41
     3.741        43
    3.7425        43
     3.744        68
    3.7455        49
     3.747        47
    3.7485        36
      3.75        38
    3.7515        44
     3.753        47
    3.7545        53
     3.756        49
    3.7575        42
     3.759        50
    3.7605        40
     3.762        40
    3.7635        45
     3.765        45
    3.7665        45
     3.768        48
    3.7695        41
     3.771        37
    3.7725        38
     3.774        46
    3.7755        43
     3.777        31
    3.7785        48
      3.78        55
    3.7815        53
     3.783        50
    3.7845        42
     3.786        49
    3.7875        59
     3.789        37
    3.7905        47
     3.792        51
    3.7935        49
     3.795        53
    3.7965        40
     3.798        33
    3.7995        36
     3.801        45
    3.8025        55
     3.804        24
    3.8055        51
     3.807        58
    3.8085        50
      3.81        52
    3.8115        40
     3.813        51
    3.8145        37
     3.816        46
    3.8175        31
     3.819        56
    3.8205        39
     3.822        55
    3.8235        52
     3.825        56
    3.8265        53
     3.828        40
    3.8295        47
     3.831        35
    3.8325        42
     3.834        40
    3.8355        45
     3.837        49
    3.8385        36
      3.84        48
    3.8415        46
     3.843        34
    3.8445        39
     3.846        46
    3.8475        40
     3.849        40
    3.8505        48
     3.852        42
    3.8535        41
     3.855        42
    3.8565        49
     3.858        46
    3.8595        37
     3.861        43
    3.8625        44
     3.864        39
    3.8655        38
     3.867        50
    3.8685        41
      3.87        40
    3.8715        38
     3.873        41
    3.8745        39
     3.876        46
    3.8775        28
     3.879        41
    3.8805        45
     3.882        50
    3.8835        49
     3.885        50
    3.8865        39
     3.888        34
    3.8895        50
     3.891        41
    3.8925        39
     3.894        42
    3.8955        43
     3.897        43
    3.8985        39
       3.9        45
    3.9015        45
     3.903        47
    3.9045        33
     3.906        42
    3.9075        52
     3.909        38
    3.9105        23
     3.912        47
    3.9135        38
     3.915        32
    3.9165        27
     3.918        56
    3.9195        40
     3.921        55
    3.9225        43
     3.924        50
    3.9255        47
     3.927        48
    3.9285        51
      3.93        34
    3.9315        49
     3.933        42
    3.9345        47
     3.936        27
    3.9375        43
     3.939        44
    3.9405        27
     3.942        55
    3.9435        37
     3.945        37
    3.9465        40
     3.948        35
    3.9495        41
     3.951        54
    3.9525        36
     3.954        35
    3.9555        44
     3.957        39
    3.9585        37
      3.96        50
    3.9615        41
     3.963        49
    3.9645        54
     3.966        40
    3.9675        39
     3.969        45
    3.9705        38
     3.972        40
    3.9735        38
     3.975        33
    3.9765        43
     3.978        53
    3.9795        51
     3.981        41
    3.9825        38
     3.984        36
    3.9855        47
     3.987        44
    3.9885        40
      3.99        36
    3.9915        35
     3.993        43
    3.9945        38
     3.996        35
    3.9975        43
     3.999        47
    4.0005        40
     4.002        41
    4.0035        51
     4.005        43
    4.0065        37
     4.008        43
    4.0095        45
     4.011        43
    4.0125        41
     4.014        33
    4.0155        42
     4.017        48
    4.0185        40
      4.02        35
    4.0215        40
     4.023        47
    4.0245        47
     4.026        33
    4.0275        37
     4.029        45
    4.0305        50
     4.032        28
    4.0335        31
     4.035        49
    4.0365        36
     4.038        44
    4.0395        37
     4.041        39
    4.0425        31
     4.044        29
    4.0455        31
     4.047        36
    4.0485        34
      4.05        38
    4.0515        33
     4.053        41
    4.0545        55
     4.056        30
    4.0575        31
     4.059        44
    4.0605        41
     4.062        43
    4.0635        51
     4.065        30
    4.0665        39
     4.068        42
    4.0695        26
     4.071        41
    4.0725        38
     4.074        38
    4.0755        43
     4.077        42
    4.0785        38
      4.08        42
    4.0815        44
     4.083        44
    4.0845        33
     4.086        49
    4.0875        39
     4.089        39
    4.0905        38
     4.092        28
    4.0935        24
     4.095        42
    4.0965        35
     4.098        36
    4.0995        39
     4.101        46
    4.1025        47
     4.104        38
    4.1055        42
     4.107        35
    4.1085        39
      4.11        26
    4.1115        39
     4.113        36
    4.1145        46
     4.116        34
    4.1175        34
     4.119        36
    4.1205        31
     4.122        48
    4.1235        48
     4.125        40
    4.1265        21
     4.128        41
    4.1295        28
     4.131        38
    4.1325        39
     4.134        47
    4.1355        39
     4.137        33
    4.1385        37
      4.14        36
    4.1415        32
     4.143        40
    4.1445        30
     4.146        27
    4.1475        35
     4.149        31
    4.1505        49
     4.152        33
    4.1535        32
     4.155        30
    4.1565        52
     4.158        35
    4.1595        39
     4.161        42
    4.1625        27
     4.164        44
    4.1655        29
     4.167        32
    4.1685        35
      4.17        30
    4.1715        27
     4.173        34
    4.1745        28
     4.176        43
    4.1775        36
     4.179        35
    4.1805        29
     4.182        43
    4.1835        42
     4.185        37
    4.1865        38
     4.188        44
    4.1895        45
     4.191        30
    4.1925        29
     4.194        27
    4.1955        43
     4.197        48
    4.1985        35
       4.2        35
    4.2015        37
     4.203        47
    4.2045        40
     4.206        35
    4.2075        38
     4.209        40
    4.2105        32
     4.212        29
    4.2135        25
     4.215        32
    4.2165        22
     4.218        31
    4.2195        27
     4.221        38
    4.2225        29
     4.224        33
    4.2255        25
     4.227        30
    4.2285        23
      4.23        26
    4.2315        35
     4.233        39
    4.2345        31
     4.236        40
    4.2375        35
     4.239        35
    4.2405        40
     4.242        32
    4.2435        33
     4.245        29
    4.2465        33
     4.248        33
    4.2495        42
     4.251        30
    4.2525        30
     4.254        28
    4.2555        36
     4.257        29
    4.2585        30
      4.26        31
    4.2615        37
     4.263        33
    4.2645        42
     4.266        34
    4.2675        30
     4.269        33
    4.2705        29
     4.272        22
    4.2735        31
     4.275        36
    4.2765        33
     4.278        33
    4.2795        32
     4.281        29
    4.2825        33
     4.284        28
    4.2855        23
     4.287        32
    4.2885        28
      4.29        24
    4.2915        28
     4.293        28
    4.2945        25
     4.296        25
    4.2975        49
     4.299        41
    4.3005        33
     4.302        43
    4.3035        20
     4.305        31
    4.3065        25
     4.308        27
    4.3095        27
     4.311        26
    4.3125        31
     4.314        24
    4.3155        36
     4.317        27
    4.3185        35
      4.32        36
    4.3215        32
     4.323        38
    4.3245        41
     4.326        37
    4.3275        36
     4.329        29
    4.3305        38
     4.332        42
    4.3335        30
     4.335        34
    4.3365        52
     4.338        30
    4.3395        29
     4.341        21
    4.3425        31
     4.344        37
    4.3455        38
     4.347        36
    4.3485        26
      4.35        32
    4.3515        32
     4.353        27
    4.3545        30
     4.356        34
    4.3575        35
     4.359        42
    4.3605        29
     4.362        32
    4.3635        33
     4.365        29
    4.3665        32
     4.368        20
    4.3695        31
     4.371        41
    4.3725        34
     4.374        32
    4.3755        36
     4.377        35
    4.3785        24
      4.38        29
    4.3815        24
     4.383        31
    4.3845        30
     4.386        21
    4.3875        32
     4.389        27
    4.3905        32
     4.392        42
    4.3935        24
     4.395        32
    4.3965        31
     4.398        28
    4.3995        26
     4.401        28
    4.4025        23
     4.404        39
    4.4055        29
     4.407        20
    4.4085        25
      4.41        30
    4.4115        25
     4.413        38
    4.4145        21
     4.416        22
    4.4175        28
     4.419        21
    4.4205        32
     4.422        23
    4.4235        23
     4.425        34
    4.4265        31
     4.428        26
    4.4295        37
     4.431        25
    4.4325        28
     4.434        35
    4.4355        22
     4.437        24
    4.4385        35
      4.44        28
    4.4415        22
     4.443        38
    4.4445        21
     4.446        23
    4.4475        18
     4.449        42
    4.4505        17
     4.452        37
    4.4535        30
     4.455        26
    4.4565        32
     4.458        28
    4.4595        15
     4.461        27
    4.4625        26
     4.464        28
    4.4655        18
     4.467        25
    4.4685        28
      4.47        26
    4.4715        22
     4.473        24
    4.4745        26
     4.476        21
    4.4775        32
     4.479        21
    4.4805        27
     4.482        36
    4.4835        31
     4.485        34
    4.4865        25
     4.488        27
    4.4895        24
     4.491        33
    4.4925        25
     4.494        40
    4.4955        23
     4.497        34
    4.4985        27
       4.5        25
    4.5015        18
     4.503        27
    4.5045        21
     4.506        14
    4.5075        32
     4.509        25
    4.5105        26
     4.512        28
    4.5135        19
     4.515        23
    4.5165        37
     4.518        31
    4.5195        25
     4.521        32
    4.5225        26
     4.524        30
    4.5255        34
     4.527        23
    4.5285        19
      4.53        16
    4.5315        30
     4.533        29
    4.5345        26
     4.536        24
    4.5375        27
     4.539        22
    4.5405        27
     4.542        29
    4.5435        13
     4.545        36
    4.5465        22
     4.548        26
    4.5495        21
     4.551        26
    4.5525        25
     4.554        27
    4.5555        27
     4.557        21
    4.5585        28
      4.56        22
    4.5615        20
     4.563        22
    4.5645        28
     4.566        21
    4.5675        28
     4.569        21
    4.5705        23
     4.572        21
    4.5735        31
     4.575        19
    4.5765        25
     4.578        22
    4.5795        20
     4.581        32
    4.5825        18
     4.584        26
    4.5855        28
     4.587        31
    4.5885        32
      4.59        27
    4.5915        25
     4.593        19
    4.5945        24
     4.596        20
    4.5975        24
     4.599        28
    4.6005        30
     4.602        20
    4.6035        25
     4.605        25
    4.6065        20
     4.608        23
    4.6095        14
     4.611        30
    4.6125        17
     4.614        17
    4.6155        24
     4.617        19
    4.6185        21
      4.62        15
    4.6215        28
     4.623        18
    4.6245        29
     4.626        19
    4.6275        28
     4.629        16
    4.6305        21
     4.632        17
    4.6335        22
     4.635        18
    4.6365        20
     4.638        27
    4.6395        25
     4.641        25
    4.6425        28
     4.644        23
    4.6455        27
     4.647        16
    4.6485        17
      4.65        18
    4.6515        22
     4.653        13
    4.6545        17
     4.656        21
    4.6575        29
     4.659        25
    4.6605        26
     4.662        22
    4.6635        27
     4.665        25
    4.6665        21
     4.668        17
    4.6695        19
     4.671        14
    4.6725        25
     4.674        19
    4.6755        17
     4.677        12
    4.6785        23
      4.68        17
    4.6815        13
     4.683        19
    4.6845        26
     4.686        17
    4.6875        13
     4.689        19
    4.6905        24
     4.692        15
    4.6935        18
     4.695        17
    4.6965        14
     4.698        13
    4.6995        16
     4.701        14
    4.7025        18
     4.704        25
    4.7055        32
     4.707        12
    4.7085        21
      4.71        14
    4.7115        11
     4.713        22
    4.7145         7
     4.716        13
    4.7175         9
     4.719        15
    4.7205        15
     4.722        12
    4.7235        13
     4.725        18
    4.7265        22
     4.728        10
    4.7295        19
     4.731        18
    4.7325        19
     4.734        16
    4.7355        15
     4.737        18
    4.7385        12
      4.74        11
    4.7415         9
     4.743         9
    4.7445        14
     4.746         6
    4.7475        12
     4.749        17
    4.7505        16
     4.752        14
    4.7535        15
     4.755        14
    4.7565        12
     4.758         6
    4.7595        13
     4.761        15
    4.7625        20
     4.764         8
    4.7655        14
     4.767         7
    4.7685        15
      4.77        11
    4.7715        13
     4.773        11
    4.7745        12
     4.776        13
    4.7775        12
     4.779        12
    4.7805        10
     4.782        11
    4.7835        13
     4.785        16
    4.7865        11
     4.788        10
    4.7895        11
     4.791        12
    4.7925         7
     4.794        10
    4.7955        11
     4.797        13
    4.7985         9
       4.8         9
    4.8015        10
     4.803        11
    4.8045         5
     4.806         9
    4.8075        11
     4.809         6
    4.8105         8
     4.812         7
    4.8135        11
     4.815         8
    4.8165        10
     4.818         9
    4.8195         4
     4.821         8
    4.8225         4
     4.824        10
    4.8255        15
     4.827         8
    4.8285        10
      4.83         9
    4.8315        10
     4.833         5
    4.8345         3
     4.836         8
    4.8375         2
     4.839         6
    4.8405         1
     4.842         5
    4.8435         5
     4.845         2
    4.8465         5
     4.848         2
    4.8495         1
     4.851         6
    4.8525         1
     4.854         2
    4.8555         1
     4.857         0
    4.8585         0
      4.86         1
    4.8615         0
     4.863         0
    4.8645         0
     4.866         0
    4.8675         0
     4.869         0
