         0         0
    0.0015         1
     0.003         3
    0.0045         2
     0.006         1
    0.0075         2
     0.009         2
    0.0105         2
     0.012         3
    0.0135         4
     0.015         3
    0.0165         1
     0.018         3
    0.0195         0
     0.021         3
    0.0225         3
     0.024         3
    0.0255         3
     0.027         7
    0.0285         2
      0.03         5
    0.0315         4
     0.033         4
    0.0345         2
     0.036         3
    0.0375        10
     0.039         5
    0.0405         0
     0.042         9
    0.0435         4
     0.045         4
    0.0465         3
     0.048         2
    0.0495         7
     0.051         8
    0.0525         5
     0.054        15
    0.0555         4
     0.057         5
    0.0585         2
      0.06        10
    0.0615         4
     0.063         5
    0.0645         6
     0.066         7
    0.0675         6
     0.069        10
    0.0705         7
     0.072         4
    0.0735         7
     0.075         7
    0.0765         9
     0.078         3
    0.0795         8
     0.081         7
    0.0825         7
     0.084        13
    0.0855         7
     0.087        12
    0.0885         6
      0.09         9
    0.0915         4
     0.093         5
    0.0945        13
     0.096        10
    0.0975        11
     0.099        12
    0.1005         7
     0.102        13
    0.1035        11
     0.105         3
    0.1065         7
     0.108        14
    0.1095         9
     0.111        12
    0.1125        14
     0.114        12
    0.1155         9
     0.117        10
    0.1185        12
      0.12        13
    0.1215        14
     0.123         9
    0.1245        16
     0.126        10
    0.1275        15
     0.129        11
    0.1305        12
     0.132        11
    0.1335        10
     0.135        11
    0.1365        14
     0.138        13
    0.1395        13
     0.141         8
    0.1425         6
     0.144        15
    0.1455         5
     0.147        11
    0.1485        10
      0.15        14
    0.1515        15
     0.153         9
    0.1545        13
     0.156        13
    0.1575        10
     0.159        16
    0.1605        16
     0.162        10
    0.1635        12
     0.165        12
    0.1665        15
     0.168        13
    0.1695        13
     0.171         8
    0.1725        13
     0.174        13
    0.1755         7
     0.177        18
    0.1785        14
      0.18        22
    0.1815         8
     0.183        20
    0.1845        21
     0.186        13
    0.1875        15
     0.189        15
    0.1905        21
     0.192        15
    0.1935        16
     0.195        16
    0.1965        17
     0.198        14
    0.1995        15
     0.201        10
    0.2025        16
     0.204        17
    0.2055        22
     0.207        16
    0.2085        16
      0.21        17
    0.2115        16
     0.213        11
    0.2145        20
     0.216        19
    0.2175        15
     0.219        19
    0.2205        13
     0.222        11
    0.2235        12
     0.225        20
    0.2265        18
     0.228        27
    0.2295        22
     0.231        19
    0.2325        20
     0.234        12
    0.2355        17
     0.237        16
    0.2385        13
      0.24        25
    0.2415        14
     0.243        13
    0.2445        16
     0.246        18
    0.2475        17
     0.249        19
    0.2505        16
     0.252        18
    0.2535        26
     0.255        11
    0.2565        20
     0.258        15
    0.2595        22
     0.261        20
    0.2625        21
     0.264        14
    0.2655        14
     0.267        27
    0.2685        23
      0.27        15
    0.2715        22
     0.273        25
    0.2745        13
     0.276        16
    0.2775        14
     0.279        13
    0.2805        16
     0.282        18
    0.2835        21
     0.285        21
    0.2865        25
     0.288        18
    0.2895        16
     0.291        14
    0.2925        22
     0.294        27
    0.2955        15
     0.297        16
    0.2985        12
       0.3        21
    0.3015        15
     0.303        18
    0.3045        19
     0.306        30
    0.3075        17
     0.309        27
    0.3105        23
     0.312        18
    0.3135        28
     0.315        28
    0.3165        22
     0.318        18
    0.3195        21
     0.321        16
    0.3225        24
     0.324        17
    0.3255        20
     0.327        21
    0.3285        23
      0.33        16
    0.3315        23
     0.333        19
    0.3345        20
     0.336        27
    0.3375        33
     0.339        26
    0.3405        19
     0.342        22
    0.3435        27
     0.345        25
    0.3465        22
     0.348        28
    0.3495        37
     0.351        17
    0.3525        18
     0.354        30
    0.3555        24
     0.357        18
    0.3585        26
      0.36        23
    0.3615        25
     0.363        25
    0.3645        32
     0.366        27
    0.3675        20
     0.369        30
    0.3705        26
     0.372        22
    0.3735        24
     0.375        25
    0.3765        33
     0.378        27
    0.3795        18
     0.381        23
    0.3825        38
     0.384        38
    0.3855        27
     0.387        27
    0.3885        33
      0.39        28
    0.3915        22
     0.393        19
    0.3945        25
     0.396        33
    0.3975        20
     0.399        24
    0.4005        26
     0.402        30
    0.4035        24
     0.405        31
    0.4065        32
     0.408        31
    0.4095        27
     0.411        33
    0.4125        24
     0.414        21
    0.4155        33
     0.417        28
    0.4185        24
      0.42        25
    0.4215        21
     0.423        18
    0.4245        20
     0.426        34
    0.4275        28
     0.429        28
    0.4305        25
     0.432        28
    0.4335        31
     0.435        26
    0.4365        33
     0.438        35
    0.4395        25
     0.441        32
    0.4425        38
     0.444        24
    0.4455        25
     0.447        28
    0.4485        30
      0.45        25
    0.4515        27
     0.453        21
    0.4545        45
     0.456        30
    0.4575        31
     0.459        35
    0.4605        29
     0.462        38
    0.4635        28
     0.465        25
    0.4665        24
     0.468        39
    0.4695        25
     0.471        27
    0.4725        37
     0.474        38
    0.4755        39
     0.477        24
    0.4785        28
      0.48        25
    0.4815        18
     0.483        42
    0.4845        28
     0.486        33
    0.4875        24
     0.489        33
    0.4905        39
     0.492        38
    0.4935        25
     0.495        29
    0.4965        25
     0.498        37
    0.4995        33
     0.501        41
    0.5025        38
     0.504        26
    0.5055        33
     0.507        27
    0.5085        46
      0.51        34
    0.5115        38
     0.513        27
    0.5145        33
     0.516        27
    0.5175        35
     0.519        33
    0.5205        28
     0.522        27
    0.5235        32
     0.525        32
    0.5265        22
     0.528        35
    0.5295        34
     0.531        20
    0.5325        30
     0.534        26
    0.5355        35
     0.537        40
    0.5385        33
      0.54        39
    0.5415        36
     0.543        23
    0.5445        25
     0.546        38
    0.5475        28
     0.549        40
    0.5505        32
     0.552        33
    0.5535        42
     0.555        30
    0.5565        26
     0.558        28
    0.5595        29
     0.561        36
    0.5625        29
     0.564        44
    0.5655        39
     0.567        39
    0.5685        23
      0.57        47
    0.5715        33
     0.573        34
    0.5745        28
     0.576        35
    0.5775        44
     0.579        33
    0.5805        25
     0.582        32
    0.5835        35
     0.585        37
    0.5865        26
     0.588        27
    0.5895        35
     0.591        32
    0.5925        40
     0.594        40
    0.5955        39
     0.597        37
    0.5985        36
       0.6        32
    0.6015        43
     0.603        27
    0.6045        31
     0.606        30
    0.6075        36
     0.609        27
    0.6105        17
     0.612        30
    0.6135        34
     0.615        34
    0.6165        25
     0.618        35
    0.6195        38
     0.621        49
    0.6225        51
     0.624        44
    0.6255        29
     0.627        38
    0.6285        36
      0.63        35
    0.6315        37
     0.633        31
    0.6345        32
     0.636        41
    0.6375        34
     0.639        27
    0.6405        26
     0.642        35
    0.6435        34
     0.645        44
    0.6465        28
     0.648        50
    0.6495        39
     0.651        35
    0.6525        37
     0.654        37
    0.6555        37
     0.657        24
    0.6585        31
      0.66        39
    0.6615        45
     0.663        44
    0.6645        44
     0.666        25
    0.6675        34
     0.669        39
    0.6705        43
     0.672        36
    0.6735        49
     0.675        37
    0.6765        34
     0.678        32
    0.6795        40
     0.681        46
    0.6825        28
     0.684        36
    0.6855        35
     0.687        35
    0.6885        39
      0.69        52
    0.6915        38
     0.693        29
    0.6945        36
     0.696        30
    0.6975        43
     0.699        28
    0.7005        30
     0.702        35
    0.7035        34
     0.705        41
    0.7065        59
     0.708        43
    0.7095        51
     0.711        32
    0.7125        41
     0.714        54
    0.7155        42
     0.717        43
    0.7185        32
      0.72        40
    0.7215        53
     0.723        37
    0.7245        50
     0.726        34
    0.7275        46
     0.729        39
    0.7305        56
     0.732        23
    0.7335        36
     0.735        45
    0.7365        41
     0.738        47
    0.7395        45
     0.741        31
    0.7425        42
     0.744        43
    0.7455        47
     0.747        47
    0.7485        39
      0.75        38
    0.7515        39
     0.753        38
    0.7545        37
     0.756        36
    0.7575        43
     0.759        58
    0.7605        50
     0.762        35
    0.7635        35
     0.765        46
    0.7665        29
     0.768        47
    0.7695        37
     0.771        37
    0.7725        42
     0.774        42
    0.7755        50
     0.777        45
    0.7785        42
      0.78        41
    0.7815        42
     0.783        41
    0.7845        43
     0.786        45
    0.7875        46
     0.789        40
    0.7905        42
     0.792        47
    0.7935        47
     0.795        45
    0.7965        44
     0.798        42
    0.7995        37
     0.801        44
    0.8025        43
     0.804        41
    0.8055        44
     0.807        38
    0.8085        34
      0.81        54
    0.8115        44
     0.813        38
    0.8145        47
     0.816        45
    0.8175        54
     0.819        31
    0.8205        31
     0.822        41
    0.8235        37
     0.825        59
    0.8265        38
     0.828        53
    0.8295        41
     0.831        42
    0.8325        38
     0.834        38
    0.8355        38
     0.837        38
    0.8385        39
      0.84        47
    0.8415        51
     0.843        40
    0.8445        51
     0.846        43
    0.8475        40
     0.849        39
    0.8505        55
     0.852        50
    0.8535        44
     0.855        52
    0.8565        50
     0.858        40
    0.8595        34
     0.861        47
    0.8625        39
     0.864        47
    0.8655        46
     0.867        43
    0.8685        47
      0.87        37
    0.8715        46
     0.873        44
    0.8745        56
     0.876        39
    0.8775        42
     0.879        34
    0.8805        42
     0.882        43
    0.8835        48
     0.885        32
    0.8865        41
     0.888        44
    0.8895        49
     0.891        50
    0.8925        55
     0.894        55
    0.8955        45
     0.897        44
    0.8985        53
       0.9        44
    0.9015        52
     0.903        43
    0.9045        59
     0.906        48
    0.9075        40
     0.909        43
    0.9105        46
     0.912        48
    0.9135        40
     0.915        38
    0.9165        41
     0.918        43
    0.9195        35
     0.921        45
    0.9225        39
     0.924        55
    0.9255        47
     0.927        34
    0.9285        43
      0.93        47
    0.9315        50
     0.933        51
    0.9345        46
     0.936        39
    0.9375        60
     0.939        47
    0.9405        45
     0.942        53
    0.9435        50
     0.945        51
    0.9465        39
     0.948        51
    0.9495        55
     0.951        52
    0.9525        55
     0.954        43
    0.9555        52
     0.957        60
    0.9585        46
      0.96        48
    0.9615        49
     0.963        56
    0.9645        46
     0.966        46
    0.9675        48
     0.969        52
    0.9705        49
     0.972        53
    0.9735        50
     0.975        49
    0.9765        50
     0.978        41
    0.9795        44
     0.981        61
    0.9825        43
     0.984        42
    0.9855        38
     0.987        42
    0.9885        38
      0.99        46
    0.9915        41
     0.993        55
    0.9945        53
     0.996        60
    0.9975        40
     0.999        56
    1.0005        52
     1.002        54
    1.0035        48
     1.005        55
    1.0065        40
     1.008        46
    1.0095        48
     1.011        42
    1.0125        43
     1.014        45
    1.0155        48
     1.017        44
    1.0185        46
      1.02        65
    1.0215        65
     1.023        56
    1.0245        36
     1.026        47
    1.0275        53
     1.029        51
    1.0305        60
     1.032        51
    1.0335        45
     1.035        46
    1.0365        46
     1.038        41
    1.0395        50
     1.041        38
    1.0425        50
     1.044        53
    1.0455        58
     1.047        54
    1.0485        63
      1.05        58
    1.0515        49
     1.053        67
    1.0545        49
     1.056        47
    1.0575        51
     1.059        53
    1.0605        47
     1.062        43
    1.0635        47
     1.065        52
    1.0665        41
     1.068        50
    1.0695        52
     1.071        51
    1.0725        43
     1.074        51
    1.0755        50
     1.077        55
    1.0785        48
      1.08        42
    1.0815        55
     1.083        49
    1.0845        55
     1.086        45
    1.0875        58
     1.089        64
    1.0905        57
     1.092        51
    1.0935        58
     1.095        66
    1.0965        48
     1.098        63
    1.0995        48
     1.101        47
    1.1025        44
     1.104        49
    1.1055        55
     1.107        42
    1.1085        46
      1.11        54
    1.1115        55
     1.113        61
    1.1145        54
     1.116        59
    1.1175        52
     1.119        57
    1.1205        48
     1.122        50
    1.1235        38
     1.125        53
    1.1265        59
     1.128        37
    1.1295        48
     1.131        59
    1.1325        49
     1.134        57
    1.1355        55
     1.137        44
    1.1385        62
      1.14        60
    1.1415        45
     1.143        46
    1.1445        51
     1.146        50
    1.1475        47
     1.149        63
    1.1505        46
     1.152        45
    1.1535        61
     1.155        50
    1.1565        44
     1.158        60
    1.1595        50
     1.161        61
    1.1625        54
     1.164        55
    1.1655        44
     1.167        70
    1.1685        60
      1.17        53
    1.1715        56
     1.173        56
    1.1745        45
     1.176        46
    1.1775        59
     1.179        63
    1.1805        46
     1.182        51
    1.1835        62
     1.185        46
    1.1865        47
     1.188        67
    1.1895        64
     1.191        68
    1.1925        48
     1.194        48
    1.1955        52
     1.197        54
    1.1985        50
       1.2        53
    1.2015        69
     1.203        64
    1.2045        39
     1.206        45
    1.2075        45
     1.209        60
    1.2105        54
     1.212        54
    1.2135        61
     1.215        35
    1.2165        46
     1.218        63
    1.2195        55
     1.221        48
    1.2225        69
     1.224        47
    1.2255        59
     1.227        41
    1.2285        58
      1.23        57
    1.2315        48
     1.233        48
    1.2345        45
     1.236        63
    1.2375        45
     1.239        59
    1.2405        54
     1.242        44
    1.2435        41
     1.245        55
    1.2465        73
     1.248        54
    1.2495        56
     1.251        55
    1.2525        47
     1.254        55
    1.2555        59
     1.257        59
    1.2585        59
      1.26        37
    1.2615        57
     1.263        61
    1.2645        51
     1.266        66
    1.2675        50
     1.269        55
    1.2705        57
     1.272        65
    1.2735        48
     1.275        53
    1.2765        65
     1.278        71
    1.2795        56
     1.281        67
    1.2825        57
     1.284        52
    1.2855        64
     1.287        54
    1.2885        58
      1.29        58
    1.2915        59
     1.293        62
    1.2945        61
     1.296        47
    1.2975        50
     1.299        55
    1.3005        48
     1.302        63
    1.3035        64
     1.305        64
    1.3065        55
     1.308        52
    1.3095        52
     1.311        48
    1.3125        34
     1.314        57
    1.3155        54
     1.317        59
    1.3185        45
      1.32        50
    1.3215        45
     1.323        41
    1.3245        52
     1.326        82
    1.3275        61
     1.329        49
    1.3305        61
     1.332        57
    1.3335        47
     1.335        55
    1.3365        62
     1.338        58
    1.3395        51
     1.341        68
    1.3425        53
     1.344        59
    1.3455        60
     1.347        55
    1.3485        52
      1.35        47
    1.3515        58
     1.353        58
    1.3545        59
     1.356        70
    1.3575        55
     1.359        65
    1.3605        63
     1.362        70
    1.3635        64
     1.365        67
    1.3665        56
     1.368        57
    1.3695        77
     1.371        42
    1.3725        56
     1.374        53
    1.3755        58
     1.377        59
    1.3785        65
      1.38        62
    1.3815        62
     1.383        48
    1.3845        78
     1.386        50
    1.3875        54
     1.389        51
    1.3905        53
     1.392        65
    1.3935        56
     1.395        54
    1.3965        61
     1.398        68
    1.3995        50
     1.401        52
    1.4025        63
     1.404        61
    1.4055        53
     1.407        59
    1.4085        47
      1.41        56
    1.4115        69
     1.413        58
    1.4145        63
     1.416        68
    1.4175        54
     1.419        56
    1.4205        57
     1.422        65
    1.4235        55
     1.425        63
    1.4265        48
     1.428        73
    1.4295        58
     1.431        43
    1.4325        50
     1.434        49
    1.4355        64
     1.437        60
    1.4385        69
      1.44        53
    1.4415        57
     1.443        62
    1.4445        60
     1.446        61
    1.4475        49
     1.449        61
    1.4505        54
     1.452        52
    1.4535        59
     1.455        62
    1.4565        69
     1.458        64
    1.4595        52
     1.461        58
    1.4625        56
     1.464        70
    1.4655        55
     1.467        58
    1.4685        58
      1.47        74
    1.4715        67
     1.473        64
    1.4745        49
     1.476        67
    1.4775        50
     1.479        59
    1.4805        71
     1.482        66
    1.4835        85
     1.485        60
    1.4865        56
     1.488        61
    1.4895        54
     1.491        64
    1.4925        64
     1.494        49
    1.4955        55
     1.497        50
    1.4985        58
       1.5        55
    1.5015        43
     1.503        65
    1.5045        57
     1.506        63
    1.5075        44
     1.509        53
    1.5105        66
     1.512        56
    1.5135        53
     1.515        78
    1.5165        51
     1.518        67
    1.5195        68
     1.521        59
    1.5225        60
     1.524        56
    1.5255        57
     1.527        71
    1.5285        57
      1.53        50
    1.5315        70
     1.533        59
    1.5345        54
     1.536        59
    1.5375        48
     1.539        46
    1.5405        56
     1.542        50
    1.5435        67
     1.545        65
    1.5465        48
     1.548        60
    1.5495        56
     1.551        56
    1.5525        60
     1.554        60
    1.5555        52
     1.557        79
    1.5585        65
      1.56        70
    1.5615        57
     1.563        73
    1.5645        49
     1.566        61
    1.5675        67
     1.569        49
    1.5705        60
     1.572        51
    1.5735        56
     1.575        67
    1.5765        62
     1.578        52
    1.5795        54
     1.581        66
    1.5825        63
     1.584        74
    1.5855        60
     1.587        67
    1.5885        52
      1.59        65
    1.5915        65
     1.593        56
    1.5945        53
     1.596        68
    1.5975        70
     1.599        68
    1.6005        57
     1.602        74
    1.6035        57
     1.605        55
    1.6065        46
     1.608        57
    1.6095        61
     1.611        66
    1.6125        66
     1.614        67
    1.6155        70
     1.617        76
    1.6185        66
      1.62        56
    1.6215        59
     1.623        50
    1.6245        55
     1.626        78
    1.6275        64
     1.629        60
    1.6305        51
     1.632        53
    1.6335        71
     1.635        65
    1.6365        52
     1.638        53
    1.6395        65
     1.641        61
    1.6425        48
     1.644        54
    1.6455        63
     1.647        69
    1.6485        69
      1.65        68
    1.6515        69
     1.653        65
    1.6545        75
     1.656        50
    1.6575        56
     1.659        61
    1.6605        65
     1.662        68
    1.6635        77
     1.665        58
    1.6665        76
     1.668        60
    1.6695        48
     1.671        65
    1.6725        65
     1.674        73
    1.6755        59
     1.677        63
    1.6785        69
      1.68        55
    1.6815        70
     1.683        59
    1.6845        56
     1.686        55
    1.6875        54
     1.689        60
    1.6905        63
     1.692        65
    1.6935        53
     1.695        63
    1.6965        69
     1.698        77
    1.6995        71
     1.701        57
    1.7025        48
     1.704        62
    1.7055        61
     1.707        61
    1.7085        71
      1.71        56
    1.7115        76
     1.713        54
    1.7145        62
     1.716        56
    1.7175        58
     1.719        69
    1.7205        57
     1.722        68
    1.7235        55
     1.725        62
    1.7265        68
     1.728        71
    1.7295        56
     1.731        72
    1.7325        65
     1.734        52
    1.7355        62
     1.737        79
    1.7385        49
      1.74        71
    1.7415        62
     1.743        68
    1.7445        60
     1.746        69
    1.7475        58
     1.749        63
    1.7505        60
     1.752        75
    1.7535        62
     1.755        57
    1.7565        43
     1.758        69
    1.7595        70
     1.761        58
    1.7625        61
     1.764        54
    1.7655        51
     1.767        74
    1.7685        60
      1.77        61
    1.7715        62
     1.773        65
    1.7745        61
     1.776        59
    1.7775        66
     1.779        57
    1.7805        63
     1.782        53
    1.7835        47
     1.785        51
    1.7865        62
     1.788        54
    1.7895        55
     1.791        72
    1.7925        57
     1.794        53
    1.7955        61
     1.797        66
    1.7985        80
       1.8        59
    1.8015        62
     1.803        58
    1.8045        58
     1.806        64
    1.8075        55
     1.809        74
    1.8105        72
     1.812        57
    1.8135        48
     1.815        71
    1.8165        59
     1.818        69
    1.8195        64
     1.821        50
    1.8225        74
     1.824        67
    1.8255        63
     1.827        67
    1.8285        62
      1.83        57
    1.8315        65
     1.833        50
    1.8345        54
     1.836        54
    1.8375        61
     1.839        77
    1.8405        66
     1.842        79
    1.8435        69
     1.845        52
    1.8465        55
     1.848        53
    1.8495        69
     1.851        60
    1.8525        58
     1.854        61
    1.8555        75
     1.857        71
    1.8585        69
      1.86        64
    1.8615        58
     1.863        64
    1.8645        59
     1.866        75
    1.8675        55
     1.869        71
    1.8705        73
     1.872        72
    1.8735        63
     1.875        63
    1.8765        64
     1.878        69
    1.8795        64
     1.881        63
    1.8825        72
     1.884        66
    1.8855        60
     1.887        54
    1.8885        63
      1.89        73
    1.8915        54
     1.893        73
    1.8945        63
     1.896        72
    1.8975        68
     1.899        65
    1.9005        51
     1.902        79
    1.9035        63
     1.905        61
    1.9065        61
     1.908        69
    1.9095        66
     1.911        59
    1.9125        60
     1.914        68
    1.9155        59
     1.917        70
    1.9185        66
      1.92        69
    1.9215        65
     1.923        59
    1.9245        66
     1.926        56
    1.9275        67
     1.929        53
    1.9305        71
     1.932        55
    1.9335        63
     1.935        77
    1.9365        59
     1.938        54
    1.9395        58
     1.941        57
    1.9425        69
     1.944        51
    1.9455        69
     1.947        68
    1.9485        72
      1.95        64
    1.9515        67
     1.953        72
    1.9545        60
     1.956        53
    1.9575        51
     1.959        57
    1.9605        68
     1.962        74
    1.9635        52
     1.965        72
    1.9665        66
     1.968        54
    1.9695        58
     1.971        69
    1.9725        58
     1.974        68
    1.9755        58
     1.977        64
    1.9785        59
      1.98        62
    1.9815        58
     1.983        52
    1.9845        64
     1.986        59
    1.9875        46
     1.989        59
    1.9905        60
     1.992        64
    1.9935        75
     1.995        49
    1.9965        63
     1.998        56
    1.9995        80
     2.001        59
    2.0025        58
     2.004        64
    2.0055        55
     2.007        63
    2.0085        52
      2.01        81
    2.0115        52
     2.013        74
    2.0145        59
     2.016        53
    2.0175        59
     2.019        60
    2.0205        72
     2.022        60
    2.0235        63
     2.025        63
    2.0265        63
     2.028        54
    2.0295        80
     2.031        64
    2.0325        68
     2.034        46
    2.0355        43
     2.037        66
    2.0385        51
      2.04        56
    2.0415        72
     2.043        55
    2.0445        51
     2.046        65
    2.0475        62
     2.049        55
    2.0505        58
     2.052        58
    2.0535        72
     2.055        55
    2.0565        54
     2.058        64
    2.0595        68
     2.061        80
    2.0625        69
     2.064        57
    2.0655        64
     2.067        67
    2.0685        61
      2.07        60
    2.0715        56
     2.073        60
    2.0745        62
     2.076        51
    2.0775        60
     2.079        59
    2.0805        74
     2.082        64
    2.0835        55
     2.085        65
    2.0865        77
     2.088        57
    2.0895        61
     2.091        69
    2.0925        68
     2.094        67
    2.0955        53
     2.097        54
    2.0985        70
       2.1        58
    2.1015        63
     2.103        68
    2.1045        71
     2.106        72
    2.1075        56
     2.109        65
    2.1105        73
     2.112        58
    2.1135        73
     2.115        68
    2.1165        69
     2.118        83
    2.1195        66
     2.121        52
    2.1225        66
     2.124        64
    2.1255        72
     2.127        71
    2.1285        64
      2.13        71
    2.1315        57
     2.133        60
    2.1345        70
     2.136        61
    2.1375        70
     2.139        52
    2.1405        70
     2.142        66
    2.1435        66
     2.145        72
    2.1465        67
     2.148        68
    2.1495        64
     2.151        51
    2.1525        56
     2.154        66
    2.1555        58
     2.157        85
    2.1585        58
      2.16        63
    2.1615        62
     2.163        57
    2.1645        74
     2.166        53
    2.1675        66
     2.169        60
    2.1705        63
     2.172        47
    2.1735        62
     2.175        56
    2.1765        65
     2.178        58
    2.1795        49
     2.181        72
    2.1825        69
     2.184        59
    2.1855        63
     2.187        73
    2.1885        61
      2.19        69
    2.1915        79
     2.193        66
    2.1945        60
     2.196        65
    2.1975        63
     2.199        66
    2.2005        67
     2.202        78
    2.2035        66
     2.205        77
    2.2065        59
     2.208        54
    2.2095        63
     2.211        73
    2.2125        63
     2.214        65
    2.2155        56
     2.217        64
    2.2185        84
      2.22        68
    2.2215        68
     2.223        61
    2.2245        64
     2.226        64
    2.2275        70
     2.229        75
    2.2305        68
     2.232        60
    2.2335        70
     2.235        61
    2.2365        74
     2.238        67
    2.2395        72
     2.241        65
    2.2425        85
     2.244        51
    2.2455        74
     2.247        85
    2.2485        65
      2.25        69
    2.2515        52
     2.253        57
    2.2545        76
     2.256        82
    2.2575        71
     2.259        76
    2.2605        63
     2.262        56
    2.2635        68
     2.265        80
    2.2665        70
     2.268        67
    2.2695        71
     2.271        74
    2.2725        68
     2.274        75
    2.2755        76
     2.277        73
    2.2785        69
      2.28        74
    2.2815        62
     2.283        68
    2.2845        70
     2.286        56
    2.2875        69
     2.289        72
    2.2905        76
     2.292        66
    2.2935        70
     2.295        53
    2.2965        61
     2.298        66
    2.2995        62
     2.301        70
    2.3025        69
     2.304        76
    2.3055        72
     2.307        58
    2.3085        78
      2.31        75
    2.3115        61
     2.313        65
    2.3145        58
     2.316        68
    2.3175        61
     2.319        57
    2.3205        65
     2.322        63
    2.3235        61
     2.325        68
    2.3265        57
     2.328        72
    2.3295        62
     2.331        64
    2.3325        67
     2.334        68
    2.3355        69
     2.337        66
    2.3385        70
      2.34        71
    2.3415        62
     2.343        60
    2.3445        52
     2.346        58
    2.3475        62
     2.349        67
    2.3505        55
     2.352        54
    2.3535        70
     2.355        74
    2.3565        76
     2.358        58
    2.3595        61
     2.361        57
    2.3625        54
     2.364        64
    2.3655        73
     2.367        76
    2.3685        63
      2.37        70
    2.3715        79
     2.373        56
    2.3745        69
     2.376        57
    2.3775        69
     2.379        70
    2.3805        72
     2.382        65
    2.3835        65
     2.385        63
    2.3865        68
     2.388        85
    2.3895        67
     2.391        73
    2.3925        72
     2.394        57
    2.3955        55
     2.397        68
    2.3985        63
       2.4        60
    2.4015        69
     2.403        65
    2.4045        57
     2.406        79
    2.4075        64
     2.409        67
    2.4105        67
     2.412        71
    2.4135        72
     2.415        63
    2.4165        59
     2.418        66
    2.4195        66
     2.421        65
    2.4225        64
     2.424        57
    2.4255        53
     2.427        67
    2.4285        74
      2.43        64
    2.4315        47
     2.433        70
    2.4345        54
     2.436        72
    2.4375        58
     2.439        71
    2.4405        63
     2.442        71
    2.4435        62
     2.445        54
    2.4465        59
     2.448        63
    2.4495        67
     2.451        74
    2.4525        80
     2.454        64
    2.4555        61
     2.457        79
    2.4585        60
      2.46        59
    2.4615        76
     2.463        65
    2.4645        75
     2.466        83
    2.4675        79
     2.469        70
    2.4705        68
     2.472        55
    2.4735        66
     2.475        65
    2.4765        62
     2.478        49
    2.4795        54
     2.481        74
    2.4825        58
     2.484        62
    2.4855        62
     2.487        63
    2.4885        64
      2.49        69
    2.4915        69
     2.493        84
    2.4945        65
     2.496        55
    2.4975        59
     2.499        52
    2.5005        75
     2.502        57
    2.5035        71
     2.505        61
    2.5065        62
     2.508        59
    2.5095        59
     2.511        87
    2.5125        57
     2.514        58
    2.5155        72
     2.517        62
    2.5185        63
      2.52        56
    2.5215        60
     2.523        75
    2.5245        79
     2.526        59
    2.5275        61
     2.529        72
    2.5305        56
     2.532        72
    2.5335        51
     2.535        69
    2.5365        56
     2.538        65
    2.5395        59
     2.541        59
    2.5425        48
     2.544        57
    2.5455        62
     2.547        68
    2.5485        71
      2.55        60
    2.5515        68
     2.553        68
    2.5545        64
     2.556        62
    2.5575        58
     2.559        74
    2.5605        66
     2.562        55
    2.5635        69
     2.565        68
    2.5665        73
     2.568        62
    2.5695        52
     2.571        50
    2.5725        78
     2.574        71
    2.5755        65
     2.577        56
    2.5785        68
      2.58        53
    2.5815        74
     2.583        62
    2.5845        76
     2.586        62
    2.5875        73
     2.589        72
    2.5905        69
     2.592        78
    2.5935        70
     2.595        48
    2.5965        58
     2.598        64
    2.5995        64
     2.601        90
    2.6025        60
     2.604        70
    2.6055        61
     2.607        69
    2.6085        70
      2.61        57
    2.6115        69
     2.613        77
    2.6145        48
     2.616        60
    2.6175        62
     2.619        63
    2.6205        66
     2.622        62
    2.6235        59
     2.625        55
    2.6265        67
     2.628        67
    2.6295        78
     2.631        57
    2.6325        69
     2.634        75
    2.6355        73
     2.637        53
    2.6385        67
      2.64        53
    2.6415        49
     2.643        70
    2.6445        67
     2.646        64
    2.6475        60
     2.649        62
    2.6505        68
     2.652        50
    2.6535        71
     2.655        62
    2.6565        71
     2.658        62
    2.6595        55
     2.661        60
    2.6625        51
     2.664        66
    2.6655        72
     2.667        62
    2.6685        66
      2.67        69
    2.6715        65
     2.673        69
    2.6745        54
     2.676        59
    2.6775        53
     2.679        59
    2.6805        79
     2.682        65
    2.6835        55
     2.685        75
    2.6865        57
     2.688        71
    2.6895        61
     2.691        65
    2.6925        55
     2.694        68
    2.6955        56
     2.697        62
    2.6985        54
       2.7        69
    2.7015        69
     2.703        63
    2.7045        59
     2.706        66
    2.7075        73
     2.709        57
    2.7105        56
     2.712        57
    2.7135        63
     2.715        49
    2.7165        65
     2.718        74
    2.7195        76
     2.721        76
    2.7225        58
     2.724        57
    2.7255        67
     2.727        60
    2.7285        63
      2.73        75
    2.7315        53
     2.733        73
    2.7345        53
     2.736        70
    2.7375        67
     2.739        70
    2.7405        59
     2.742        65
    2.7435        54
     2.745        58
    2.7465        67
     2.748        79
    2.7495        65
     2.751        50
    2.7525        60
     2.754        66
    2.7555        60
     2.757        77
    2.7585        61
      2.76        52
    2.7615        64
     2.763        77
    2.7645        59
     2.766        66
    2.7675        64
     2.769        79
    2.7705        67
     2.772        73
    2.7735        60
     2.775        71
    2.7765        66
     2.778        69
    2.7795        56
     2.781        65
    2.7825        59
     2.784        70
    2.7855        66
     2.787        59
    2.7885        61
      2.79        62
    2.7915        65
     2.793        70
    2.7945        71
     2.796        55
    2.7975        65
     2.799        63
    2.8005        71
     2.802        64
    2.8035        73
     2.805        67
    2.8065        54
     2.808        71
    2.8095        71
     2.811        64
    2.8125        57
     2.814        71
    2.8155        50
     2.817        77
    2.8185        76
      2.82        67
    2.8215        64
     2.823        65
    2.8245        60
     2.826        45
    2.8275        57
     2.829        68
    2.8305        60
     2.832        66
    2.8335        62
     2.835        64
    2.8365        57
     2.838        77
    2.8395        64
     2.841        63
    2.8425        65
     2.844        57
    2.8455        70
     2.847        52
    2.8485        60
      2.85        68
    2.8515        62
     2.853        41
    2.8545        61
     2.856        55
    2.8575        58
     2.859        54
    2.8605        73
     2.862        61
    2.8635        68
     2.865        65
    2.8665        77
     2.868        53
    2.8695        62
     2.871        53
    2.8725        64
     2.874        62
    2.8755        74
     2.877        67
    2.8785        59
      2.88        79
    2.8815        61
     2.883        57
    2.8845        61
     2.886        51
    2.8875        68
     2.889        57
    2.8905        58
     2.892        65
    2.8935        74
     2.895        58
    2.8965        65
     2.898        62
    2.8995        59
     2.901        69
    2.9025        68
     2.904        58
    2.9055        51
     2.907        73
    2.9085        57
      2.91        69
    2.9115        71
     2.913        62
    2.9145        46
     2.916        80
    2.9175        55
     2.919        68
    2.9205        61
     2.922        65
    2.9235        67
     2.925        72
    2.9265        56
     2.928        68
    2.9295        61
     2.931        74
    2.9325        69
     2.934        63
    2.9355        64
     2.937        81
    2.9385        63
      2.94        57
    2.9415        65
     2.943        64
    2.9445        58
     2.946        43
    2.9475        67
     2.949        66
    2.9505        66
     2.952        84
    2.9535        70
     2.955        74
    2.9565        68
     2.958        63
    2.9595        69
     2.961        53
    2.9625        61
     2.964        68
    2.9655        65
     2.967        60
    2.9685        68
      2.97        65
    2.9715        51
     2.973        62
    2.9745        59
     2.976        70
    2.9775        51
     2.979        59
    2.9805        61
     2.982        61
    2.9835        69
     2.985        55
    2.9865        61
     2.988        56
    2.9895        60
     2.991        61
    2.9925        80
     2.994        48
    2.9955        53
     2.997        64
    2.9985        66
         3        65
    3.0015        52
     3.003        64
    3.0045        54
     3.006        62
    3.0075        41
     3.009        61
    3.0105        60
     3.012        60
    3.0135        74
     3.015        64
    3.0165        63
     3.018        72
    3.0195        64
     3.021        61
    3.0225        57
     3.024        63
    3.0255        64
     3.027        57
    3.0285        58
      3.03        65
    3.0315        66
     3.033        54
    3.0345        66
     3.036        56
    3.0375        58
     3.039        54
    3.0405        66
     3.042        66
    3.0435        74
     3.045        57
    3.0465        68
     3.048        61
    3.0495        65
     3.051        71
    3.0525        68
     3.054        62
    3.0555        60
     3.057        50
    3.0585        65
      3.06        67
    3.0615        51
     3.063        69
    3.0645        54
     3.066        75
    3.0675        66
     3.069        56
    3.0705        62
     3.072        57
    3.0735        64
     3.075        84
    3.0765        60
     3.078        54
    3.0795        69
     3.081        60
    3.0825        63
     3.084        55
    3.0855        65
     3.087        78
    3.0885        55
      3.09        53
    3.0915        50
     3.093        73
    3.0945        79
     3.096        65
    3.0975        59
     3.099        56
    3.1005        59
     3.102        64
    3.1035        70
     3.105        60
    3.1065        55
     3.108        70
    3.1095        55
     3.111        65
    3.1125        73
     3.114        67
    3.1155        48
     3.117        71
    3.1185        60
      3.12        49
    3.1215        62
     3.123        66
    3.1245        69
     3.126        69
    3.1275        59
     3.129        62
    3.1305        63
     3.132        73
    3.1335        54
     3.135        64
    3.1365        64
     3.138        80
    3.1395        59
     3.141        51
    3.1425        55
     3.144        56
    3.1455        72
     3.147        56
    3.1485        50
      3.15        60
    3.1515        68
     3.153        71
    3.1545        59
     3.156        63
    3.1575        64
     3.159        62
    3.1605        64
     3.162        54
    3.1635        59
     3.165        57
    3.1665        54
     3.168        58
    3.1695        55
     3.171        71
    3.1725        56
     3.174        73
    3.1755        51
     3.177        78
    3.1785        58
      3.18        64
    3.1815        57
     3.183        64
    3.1845        54
     3.186        70
    3.1875        56
     3.189        62
    3.1905        67
     3.192        69
    3.1935        51
     3.195        57
    3.1965        67
     3.198        67
    3.1995        70
     3.201        64
    3.2025        70
     3.204        57
    3.2055        59
     3.207        62
    3.2085        55
      3.21        68
    3.2115        66
     3.213        75
    3.2145        52
     3.216        68
    3.2175        54
     3.219        82
    3.2205        55
     3.222        67
    3.2235        67
     3.225        49
    3.2265        64
     3.228        67
    3.2295        59
     3.231        66
    3.2325        55
     3.234        63
    3.2355        62
     3.237        62
    3.2385        56
      3.24        58
    3.2415        56
     3.243        68
    3.2445        60
     3.246        57
    3.2475        76
     3.249        62
    3.2505        71
     3.252        71
    3.2535        65
     3.255        52
    3.2565        53
     3.258        58
    3.2595        66
     3.261        62
    3.2625        58
     3.264        71
    3.2655        73
     3.267        56
    3.2685        52
      3.27        77
    3.2715        56
     3.273        63
    3.2745        47
     3.276        66
    3.2775        74
     3.279        74
    3.2805        53
     3.282        53
    3.2835        57
     3.285        60
    3.2865        78
     3.288        57
    3.2895        68
     3.291        63
    3.2925        62
     3.294        56
    3.2955        71
     3.297        71
    3.2985        66
       3.3        80
    3.3015        50
     3.303        55
    3.3045        69
     3.306        74
    3.3075        56
     3.309        45
    3.3105        56
     3.312        48
    3.3135        62
     3.315        67
    3.3165        70
     3.318        68
    3.3195        58
     3.321        53
    3.3225        59
     3.324        57
    3.3255        53
     3.327        55
    3.3285        62
      3.33        72
    3.3315        60
     3.333        62
    3.3345        54
     3.336        47
    3.3375        67
     3.339        51
    3.3405        58
     3.342        69
    3.3435        62
     3.345        44
    3.3465        58
     3.348        49
    3.3495        57
     3.351        58
    3.3525        71
     3.354        71
    3.3555        60
     3.357        56
    3.3585        57
      3.36        48
    3.3615        55
     3.363        64
    3.3645        55
     3.366        72
    3.3675        52
     3.369        62
    3.3705        58
     3.372        59
    3.3735        59
     3.375        42
    3.3765        71
     3.378        56
    3.3795        44
     3.381        54
    3.3825        69
     3.384        62
    3.3855        63
     3.387        61
    3.3885        57
      3.39        56
    3.3915        56
     3.393        63
    3.3945        56
     3.396        62
    3.3975        58
     3.399        50
    3.4005        57
     3.402        58
    3.4035        64
     3.405        54
    3.4065        56
     3.408        65
    3.4095        64
     3.411        64
    3.4125        63
     3.414        53
    3.4155        49
     3.417        56
    3.4185        60
      3.42        53
    3.4215        69
     3.423        55
    3.4245        60
     3.426        57
    3.4275        68
     3.429        50
    3.4305        49
     3.432        72
    3.4335        56
     3.435        65
    3.4365        57
     3.438        58
    3.4395        57
     3.441        59
    3.4425        55
     3.444        50
    3.4455        60
     3.447        63
    3.4485        66
      3.45        50
    3.4515        53
     3.453        65
    3.4545        61
     3.456        61
    3.4575        55
     3.459        62
    3.4605        72
     3.462        58
    3.4635        57
     3.465        59
    3.4665        43
     3.468        54
    3.4695        66
     3.471        65
    3.4725        57
     3.474        63
    3.4755        50
     3.477        67
    3.4785        57
      3.48        61
    3.4815        54
     3.483        62
    3.4845        65
     3.486        59
    3.4875        64
     3.489        59
    3.4905        53
     3.492        65
    3.4935        69
     3.495        64
    3.4965        61
     3.498        76
    3.4995        53
     3.501        53
    3.5025        67
     3.504        61
    3.5055        51
     3.507        58
    3.5085        72
      3.51        52
    3.5115        59
     3.513        63
    3.5145        62
     3.516        49
    3.5175        56
     3.519        49
    3.5205        59
     3.522        61
    3.5235        50
     3.525        83
    3.5265        61
     3.528        54
    3.5295        51
     3.531        56
    3.5325        63
     3.534        43
    3.5355        61
     3.537        70
    3.5385        66
      3.54        45
    3.5415        58
     3.543        72
    3.5445        60
     3.546        61
    3.5475        49
     3.549        64
    3.5505        60
     3.552        60
    3.5535        51
     3.555        58
    3.5565        57
     3.558        62
    3.5595        51
     3.561        50
    3.5625        57
     3.564        51
    3.5655        50
     3.567        57
    3.5685        70
      3.57        55
    3.5715        51
     3.573        48
    3.5745        57
     3.576        54
    3.5775        57
     3.579        54
    3.5805        51
     3.582        44
    3.5835        52
     3.585        45
    3.5865        47
     3.588        61
    3.5895        51
     3.591        52
    3.5925        51
     3.594        57
    3.5955        54
     3.597        72
    3.5985        66
       3.6        61
    3.6015        54
     3.603        55
    3.6045        63
     3.606        44
    3.6075        37
     3.609        41
    3.6105        49
     3.612        66
    3.6135        54
     3.615        48
    3.6165        51
     3.618        49
    3.6195        57
     3.621        49
    3.6225        54
     3.624        69
    3.6255        66
     3.627        75
    3.6285        58
      3.63        54
    3.6315        61
     3.633        59
    3.6345        53
     3.636        58
    3.6375        72
     3.639        65
    3.6405        51
     3.642        49
    3.6435        51
     3.645        57
    3.6465        55
     3.648        44
    3.6495        49
     3.651        48
    3.6525        55
     3.654        61
    3.6555        65
     3.657        52
    3.6585        53
      3.66        58
    3.6615        52
     3.663        54
    3.6645        43
     3.666        51
    3.6675        62
     3.669        46
    3.6705        52
     3.672        55
    3.6735        66
     3.675        51
    3.6765        42
     3.678        47
    3.6795        65
     3.681        52
    3.6825        47
     3.684        57
    3.6855        52
     3.687        59
    3.6885        52
      3.69        54
    3.6915        35
     3.693        57
    3.6945        70
     3.696        52
    3.6975        55
     3.699        62
    3.7005        49
     3.702        59
    3.7035        67
     3.705        40
    3.7065        67
     3.708        67
    3.7095        41
     3.711        54
    3.7125        43
     3.714        57
    3.7155        42
     3.717        55
    3.7185        65
      3.72        48
    3.7215        51
     3.723        51
    3.7245        58
     3.726        53
    3.7275        52
     3.729        67
    3.7305        63
     3.732        59
    3.7335        61
     3.735        44
    3.7365        58
     3.738        51
    3.7395        54
     3.741        55
    3.7425        52
     3.744        42
    3.7455        60
     3.747        64
    3.7485        54
      3.75        56
    3.7515        53
     3.753        60
    3.7545        75
     3.756        55
    3.7575        52
     3.759        65
    3.7605        53
     3.762        54
    3.7635        42
     3.765        51
    3.7665        61
     3.768        62
    3.7695        59
     3.771        49
    3.7725        41
     3.774        65
    3.7755        62
     3.777        68
    3.7785        64
      3.78        60
    3.7815        61
     3.783        42
    3.7845        41
     3.786        50
    3.7875        50
     3.789        57
    3.7905        43
     3.792        53
    3.7935        49
     3.795        77
    3.7965        58
     3.798        36
    3.7995        57
     3.801        54
    3.8025        49
     3.804        40
    3.8055        60
     3.807        56
    3.8085        52
      3.81        62
    3.8115        52
     3.813        54
    3.8145        45
     3.816        47
    3.8175        54
     3.819        53
    3.8205        56
     3.822        51
    3.8235        45
     3.825        45
    3.8265        59
     3.828        51
    3.8295        61
     3.831        54
    3.8325        53
     3.834        67
    3.8355        57
     3.837        40
    3.8385        57
      3.84        59
    3.8415        57
     3.843        52
    3.8445        53
     3.846        50
    3.8475        57
     3.849        63
    3.8505        43
     3.852        57
    3.8535        53
     3.855        64
    3.8565        49
     3.858        49
    3.8595        53
     3.861        59
    3.8625        69
     3.864        55
    3.8655        54
     3.867        53
    3.8685        52
      3.87        54
    3.8715        54
     3.873        59
    3.8745        58
     3.876        58
    3.8775        48
     3.879        52
    3.8805        48
     3.882        65
    3.8835        48
     3.885        52
    3.8865        60
     3.888        51
    3.8895        67
     3.891        67
    3.8925        46
     3.894        49
    3.8955        57
     3.897        51
    3.8985        54
       3.9        52
    3.9015        39
     3.903        53
    3.9045        54
     3.906        50
    3.9075        52
     3.909        47
    3.9105        60
     3.912        57
    3.9135        43
     3.915        42
    3.9165        46
     3.918        57
    3.9195        40
     3.921        57
    3.9225        35
     3.924        46
    3.9255        43
     3.927        41
    3.9285        61
      3.93        54
    3.9315        51
     3.933        51
    3.9345        47
     3.936        52
    3.9375        58
     3.939        46
    3.9405        47
     3.942        59
    3.9435        57
     3.945        45
    3.9465        51
     3.948        69
    3.9495        64
     3.951        46
    3.9525        70
     3.954        53
    3.9555        41
     3.957        50
    3.9585        51
      3.96        50
    3.9615        50
     3.963        57
    3.9645        49
     3.966        39
    3.9675        50
     3.969        46
    3.9705        47
     3.972        39
    3.9735        46
     3.975        47
    3.9765        50
     3.978        49
    3.9795        70
     3.981        45
    3.9825        53
     3.984        48
    3.9855        56
     3.987        46
    3.9885        60
      3.99        55
    3.9915        45
     3.993        42
    3.9945        57
     3.996        45
    3.9975        44
     3.999        51
    4.0005        46
     4.002        52
    4.0035        53
     4.005        53
    4.0065        45
     4.008        49
    4.0095        54
     4.011        31
    4.0125        49
     4.014        53
    4.0155        52
     4.017        48
    4.0185        43
      4.02        52
    4.0215        48
     4.023        51
    4.0245        57
     4.026        47
    4.0275        41
     4.029        37
    4.0305        57
     4.032        53
    4.0335        46
     4.035        68
    4.0365        55
     4.038        38
    4.0395        42
     4.041        46
    4.0425        37
     4.044        42
    4.0455        49
     4.047        55
    4.0485        47
      4.05        50
    4.0515        61
     4.053        60
    4.0545        46
     4.056        44
    4.0575        53
     4.059        52
    4.0605        55
     4.062        51
    4.0635        46
     4.065        46
    4.0665        61
     4.068        52
    4.0695        68
     4.071        47
    4.0725        48
     4.074        61
    4.0755        43
     4.077        54
    4.0785        48
      4.08        58
    4.0815        54
     4.083        58
    4.0845        49
     4.086        47
    4.0875        45
     4.089        43
    4.0905        44
     4.092        54
    4.0935        53
     4.095        46
    4.0965        55
     4.098        48
    4.0995        45
     4.101        49
    4.1025        55
     4.104        40
    4.1055        45
     4.107        35
    4.1085        53
      4.11        49
    4.1115        50
     4.113        56
    4.1145        42
     4.116        51
    4.1175        43
     4.119        50
    4.1205        48
     4.122        61
    4.1235        52
     4.125        37
    4.1265        50
     4.128        53
    4.1295        43
     4.131        57
    4.1325        59
     4.134        36
    4.1355        47
     4.137        39
    4.1385        40
      4.14        59
    4.1415        55
     4.143        45
    4.1445        45
     4.146        34
    4.1475        48
     4.149        29
    4.1505        52
     4.152        52
    4.1535        41
     4.155        42
    4.1565        49
     4.158        49
    4.1595        46
     4.161        48
    4.1625        42
     4.164        60
    4.1655        56
     4.167        55
    4.1685        55
      4.17        49
    4.1715        35
     4.173        56
    4.1745        55
     4.176        51
    4.1775        49
     4.179        53
    4.1805        39
     4.182        55
    4.1835        50
     4.185        51
    4.1865        58
     4.188        42
    4.1895        52
     4.191        43
    4.1925        37
     4.194        34
    4.1955        48
     4.197        50
    4.1985        39
       4.2        50
    4.2015        30
     4.203        52
    4.2045        57
     4.206        36
    4.2075        42
     4.209        55
    4.2105        56
     4.212        47
    4.2135        63
     4.215        53
    4.2165        40
     4.218        39
    4.2195        52
     4.221        59
    4.2225        43
     4.224        52
    4.2255        43
     4.227        41
    4.2285        30
      4.23        51
    4.2315        49
     4.233        52
    4.2345        44
     4.236        50
    4.2375        50
     4.239        46
    4.2405        48
     4.242        64
    4.2435        33
     4.245        55
    4.2465        44
     4.248        39
    4.2495        61
     4.251        51
    4.2525        37
     4.254        42
    4.2555        52
     4.257        33
    4.2585        60
      4.26        55
    4.2615        50
     4.263        51
    4.2645        49
     4.266        52
    4.2675        36
     4.269        36
    4.2705        52
     4.272        49
    4.2735        52
     4.275        53
    4.2765        34
     4.278        43
    4.2795        40
     4.281        47
    4.2825        49
     4.284        40
    4.2855        43
     4.287        44
    4.2885        46
      4.29        62
    4.2915        46
     4.293        37
    4.2945        49
     4.296        45
    4.2975        49
     4.299        45
    4.3005        44
     4.302        42
    4.3035        48
     4.305        52
    4.3065        48
     4.308        40
    4.3095        49
     4.311        45
    4.3125        49
     4.314        37
    4.3155        42
     4.317        53
    4.3185        41
      4.32        33
    4.3215        36
     4.323        41
    4.3245        52
     4.326        35
    4.3275        25
     4.329        41
    4.3305        41
     4.332        48
    4.3335        44
     4.335        34
    4.3365        48
     4.338        38
    4.3395        51
     4.341        39
    4.3425        52
     4.344        50
    4.3455        43
     4.347        42
    4.3485        30
      4.35        54
    4.3515        45
     4.353        42
    4.3545        35
     4.356        45
    4.3575        42
     4.359        45
    4.3605        40
     4.362        35
    4.3635        38
     4.365        37
    4.3665        57
     4.368        41
    4.3695        48
     4.371        43
    4.3725        38
     4.374        38
    4.3755        37
     4.377        47
    4.3785        58
      4.38        43
    4.3815        43
     4.383        37
    4.3845        44
     4.386        43
    4.3875        42
     4.389        39
    4.3905        49
     4.392        51
    4.3935        44
     4.395        34
    4.3965        45
     4.398        47
    4.3995        38
     4.401        48
    4.4025        38
     4.404        47
    4.4055        48
     4.407        33
    4.4085        37
      4.41        53
    4.4115        36
     4.413        40
    4.4145        50
     4.416        36
    4.4175        41
     4.419        40
    4.4205        37
     4.422        46
    4.4235        38
     4.425        31
    4.4265        47
     4.428        40
    4.4295        43
     4.431        43
    4.4325        31
     4.434        53
    4.4355        32
     4.437        40
    4.4385        49
      4.44        40
    4.4415        36
     4.443        46
    4.4445        44
     4.446        37
    4.4475        44
     4.449        50
    4.4505        33
     4.452        37
    4.4535        41
     4.455        54
    4.4565        32
     4.458        47
    4.4595        30
     4.461        44
    4.4625        42
     4.464        35
    4.4655        38
     4.467        47
    4.4685        36
      4.47        41
    4.4715        36
     4.473        48
    4.4745        34
     4.476        45
    4.4775        45
     4.479        38
    4.4805        44
     4.482        35
    4.4835        40
     4.485        35
    4.4865        39
     4.488        43
    4.4895        33
     4.491        37
    4.4925        48
     4.494        44
    4.4955        35
     4.497        37
    4.4985        33
       4.5        26
    4.5015        30
     4.503        40
    4.5045        39
     4.506        29
    4.5075        44
     4.509        37
    4.5105        32
     4.512        42
    4.5135        46
     4.515        25
    4.5165        41
     4.518        42
    4.5195        35
     4.521        36
    4.5225        42
     4.524        28
    4.5255        44
     4.527        43
    4.5285        41
      4.53        34
    4.5315        38
     4.533        40
    4.5345        40
     4.536        28
    4.5375        29
     4.539        35
    4.5405        38
     4.542        40
    4.5435        40
     4.545        36
    4.5465        39
     4.548        26
    4.5495        47
     4.551        40
    4.5525        33
     4.554        46
    4.5555        28
     4.557        30
    4.5585        36
      4.56        31
    4.5615        46
     4.563        38
    4.5645        41
     4.566        46
    4.5675        47
     4.569        28
    4.5705        34
     4.572        45
    4.5735        37
     4.575        32
    4.5765        50
     4.578        45
    4.5795        46
     4.581        37
    4.5825        37
     4.584        38
    4.5855        38
     4.587        42
    4.5885        32
      4.59        40
    4.5915        33
     4.593        34
    4.5945        31
     4.596        52
    4.5975        39
     4.599        44
    4.6005        35
     4.602        44
    4.6035        31
     4.605        34
    4.6065        43
     4.608        31
    4.6095        30
     4.611        35
    4.6125        48
     4.614        32
    4.6155        38
     4.617        46
    4.6185        42
      4.62        31
    4.6215        34
     4.623        30
    4.6245        33
     4.626        35
    4.6275        37
     4.629        43
    4.6305        28
     4.632        33
    4.6335        39
     4.635        46
    4.6365        42
     4.638        31
    4.6395        29
     4.641        44
    4.6425        41
     4.644        39
    4.6455        45
     4.647        51
    4.6485        28
      4.65        56
    4.6515        36
     4.653        40
    4.6545        34
     4.656        44
    4.6575        34
     4.659        37
    4.6605        36
     4.662        26
    4.6635        35
     4.665        30
    4.6665        34
     4.668        31
    4.6695        34
     4.671        36
    4.6725        31
     4.674        37
    4.6755        22
     4.677        28
    4.6785        39
      4.68        36
    4.6815        36
     4.683        44
    4.6845        37
     4.686        33
    4.6875        36
     4.689        37
    4.6905        33
     4.692        31
    4.6935        41
     4.695        32
    4.6965        31
     4.698        31
    4.6995        41
     4.701        49
    4.7025        32
     4.704        33
    4.7055        41
     4.707        31
    4.7085        37
      4.71        33
    4.7115        45
     4.713        29
    4.7145        39
     4.716        39
    4.7175        31
     4.719        43
    4.7205        39
     4.722        24
    4.7235        30
     4.725        39
    4.7265        36
     4.728        31
    4.7295        28
     4.731        39
    4.7325        25
     4.734        37
    4.7355        35
     4.737        38
    4.7385        26
      4.74        36
    4.7415        19
     4.743        24
    4.7445        26
     4.746        37
    4.7475        26
     4.749        34
    4.7505        31
     4.752        33
    4.7535        37
     4.755        23
    4.7565        26
     4.758        29
    4.7595        26
     4.761        36
    4.7625        29
     4.764        36
    4.7655        28
     4.767        38
    4.7685        33
      4.77        30
    4.7715        32
     4.773        35
    4.7745        26
     4.776        29
    4.7775        30
     4.779        30
    4.7805        34
     4.782        28
    4.7835        30
     4.785        25
    4.7865        23
     4.788        30
    4.7895        36
     4.791        28
    4.7925        27
     4.794        29
    4.7955        34
     4.797        34
    4.7985        32
       4.8        46
    4.8015        31
     4.803        34
    4.8045        36
     4.806        39
    4.8075        31
     4.809        30
    4.8105        29
     4.812        39
    4.8135        33
     4.815        41
    4.8165        28
     4.818        28
    4.8195        38
     4.821        36
    4.8225        34
     4.824        29
    4.8255        26
     4.827        22
    4.8285        35
      4.83        27
    4.8315        24
     4.833        26
    4.8345        34
     4.836        46
    4.8375        28
     4.839        31
    4.8405        28
     4.842        30
    4.8435        31
     4.845        27
    4.8465        30
     4.848        23
    4.8495        29
     4.851        22
    4.8525        27
     4.854        27
    4.8555        25
     4.857        42
    4.8585        31
      4.86        21
    4.8615        21
     4.863        31
    4.8645        33
     4.866        26
    4.8675        23
     4.869        33
    4.8705        29
     4.872        22
    4.8735        30
     4.875        33
    4.8765        24
     4.878        33
    4.8795        22
     4.881        24
    4.8825        23
     4.884        32
    4.8855        22
     4.887        28
    4.8885        29
      4.89        15
    4.8915        26
     4.893        38
    4.8945        29
     4.896        26
    4.8975        24
     4.899        28
    4.9005        39
     4.902        30
    4.9035        17
     4.905        28
    4.9065        27
     4.908        22
    4.9095        29
     4.911        23
    4.9125        32
     4.914        22
    4.9155        28
     4.917        26
    4.9185        21
      4.92        25
    4.9215        34
     4.923        31
    4.9245        38
     4.926        21
    4.9275        24
     4.929        25
    4.9305        17
     4.932        28
    4.9335        21
     4.935        24
    4.9365        24
     4.938        18
    4.9395        20
     4.941        26
    4.9425        26
     4.944        19
    4.9455        31
     4.947        15
    4.9485        21
      4.95        23
    4.9515        24
     4.953        25
    4.9545        25
     4.956        22
    4.9575        20
     4.959        21
    4.9605        21
     4.962        23
    4.9635        18
     4.965        26
    4.9665        30
     4.968        23
    4.9695        22
     4.971        22
    4.9725        20
     4.974        21
    4.9755        21
     4.977        21
    4.9785        16
      4.98        24
    4.9815        27
     4.983        26
    4.9845        22
     4.986        21
    4.9875        28
     4.989        16
    4.9905        28
     4.992        14
    4.9935        18
     4.995        24
    4.9965        24
     4.998        22
    4.9995        27
     5.001        24
    5.0025        23
     5.004        19
    5.0055        20
     5.007        20
    5.0085        17
      5.01        33
    5.0115        21
     5.013        25
    5.0145        19
     5.016        21
    5.0175        22
     5.019        21
    5.0205        22
     5.022        16
    5.0235        13
     5.025        21
    5.0265        12
     5.028        15
    5.0295        25
     5.031        24
    5.0325        18
     5.034        23
    5.0355        17
     5.037        19
    5.0385        21
      5.04        21
    5.0415        14
     5.043        17
    5.0445        15
     5.046        19
    5.0475        20
     5.049        19
    5.0505        20
     5.052        22
    5.0535        18
     5.055        18
    5.0565        17
     5.058        19
    5.0595        18
     5.061        12
    5.0625        11
     5.064        17
    5.0655        24
     5.067        16
    5.0685        13
      5.07        22
    5.0715         9
     5.073        20
    5.0745        13
     5.076         6
    5.0775        23
     5.079        10
    5.0805        15
     5.082        18
    5.0835        24
     5.085        18
    5.0865        11
     5.088        10
    5.0895        13
     5.091        12
    5.0925        26
     5.094         9
    5.0955        14
     5.097        17
    5.0985        16
       5.1        14
    5.1015        22
     5.103        16
    5.1045        16
     5.106        19
    5.1075        24
     5.109        20
    5.1105        11
     5.112        13
    5.1135        17
     5.115        19
    5.1165        16
     5.118        17
    5.1195        15
     5.121        14
    5.1225        19
     5.124        17
    5.1255        12
     5.127        12
    5.1285        16
      5.13        19
    5.1315        18
     5.133        23
    5.1345        11
     5.136        15
    5.1375        11
     5.139        13
    5.1405        14
     5.142        13
    5.1435        16
     5.145         7
    5.1465        10
     5.148        17
    5.1495        14
     5.151        13
    5.1525        15
     5.154        13
    5.1555        12
     5.157        11
    5.1585        11
      5.16        15
    5.1615        15
     5.163         6
    5.1645        13
     5.166        14
    5.1675        15
     5.169        12
    5.1705        16
     5.172         9
    5.1735         5
     5.175        10
    5.1765        14
     5.178        12
    5.1795        10
     5.181        13
    5.1825         9
     5.184        12
    5.1855         8
     5.187         8
    5.1885         5
      5.19        10
    5.1915         9
     5.193        10
    5.1945        10
     5.196        10
    5.1975        12
     5.199        11
    5.2005         6
     5.202         4
    5.2035         6
     5.205         8
    5.2065         8
     5.208         4
    5.2095        15
     5.211         5
    5.2125         7
     5.214         1
    5.2155         7
     5.217         3
    5.2185         8
      5.22         6
    5.2215         6
     5.223         8
    5.2245         5
     5.226         2
    5.2275         4
     5.229         2
    5.2305         7
     5.232         6
    5.2335         1
     5.235         2
    5.2365         0
     5.238         1
    5.2395         0
     5.241         0
    5.2425         0
     5.244         0
    5.2455         0
     5.247         0
