# min_pT_[GeV]  N_entries

         0         0
    0.0015         1
     0.003         0
    0.0045         2
     0.006         0
    0.0075         1
     0.009         3
    0.0105         1
     0.012         2
    0.0135         2
     0.015         2
    0.0165         3
     0.018         3
    0.0195         4
     0.021         5
    0.0225         3
     0.024         3
    0.0255         6
     0.027         5
    0.0285         3
      0.03         4
    0.0315         3
     0.033         0
    0.0345         5
     0.036         4
    0.0375         4
     0.039         2
    0.0405         6
     0.042         5
    0.0435         5
     0.045         5
    0.0465         2
     0.048         6
    0.0495         6
     0.051         4
    0.0525         6
     0.054         4
    0.0555         8
     0.057         5
    0.0585        11
      0.06         7
    0.0615         3
     0.063         5
    0.0645         4
     0.066         5
    0.0675         5
     0.069         6
    0.0705         5
     0.072         8
    0.0735        10
     0.075         4
    0.0765        11
     0.078        14
    0.0795         6
     0.081         9
    0.0825        14
     0.084        10
    0.0855        10
     0.087         7
    0.0885        10
      0.09         4
    0.0915         9
     0.093         9
    0.0945        11
     0.096         7
    0.0975         9
     0.099        12
    0.1005         9
     0.102         4
    0.1035        10
     0.105         6
    0.1065        11
     0.108         7
    0.1095        13
     0.111         7
    0.1125         6
     0.114         4
    0.1155         8
     0.117         9
    0.1185         3
      0.12        14
    0.1215         9
     0.123         6
    0.1245        12
     0.126        13
    0.1275        15
     0.129        12
    0.1305         9
     0.132         7
    0.1335         9
     0.135        14
    0.1365         7
     0.138        11
    0.1395        16
     0.141         7
    0.1425        14
     0.144         6
    0.1455        12
     0.147        11
    0.1485        14
      0.15        14
    0.1515        10
     0.153        16
    0.1545        14
     0.156        10
    0.1575        11
     0.159        17
    0.1605         9
     0.162        16
    0.1635        13
     0.165        10
    0.1665         8
     0.168         9
    0.1695        15
     0.171         8
    0.1725        11
     0.174        13
    0.1755        10
     0.177        17
    0.1785         9
      0.18        11
    0.1815        15
     0.183        12
    0.1845        18
     0.186        15
    0.1875        11
     0.189        17
    0.1905        13
     0.192        12
    0.1935        15
     0.195        16
    0.1965        11
     0.198         9
    0.1995        11
     0.201        12
    0.2025        12
     0.204        17
    0.2055        12
     0.207        13
    0.2085         8
      0.21        11
    0.2115        11
     0.213        18
    0.2145        21
     0.216        13
    0.2175        14
     0.219        18
    0.2205        12
     0.222        14
    0.2235        10
     0.225        13
    0.2265        16
     0.228        13
    0.2295        16
     0.231         8
    0.2325        10
     0.234        18
    0.2355        17
     0.237        16
    0.2385        18
      0.24        13
    0.2415        10
     0.243        17
    0.2445        10
     0.246        13
    0.2475        11
     0.249        14
    0.2505        17
     0.252        20
    0.2535        20
     0.255        16
    0.2565        18
     0.258        23
    0.2595        10
     0.261        12
    0.2625        12
     0.264        23
    0.2655        19
     0.267         7
    0.2685        19
      0.27        18
    0.2715        20
     0.273        14
    0.2745        20
     0.276        16
    0.2775        20
     0.279        16
    0.2805        31
     0.282        23
    0.2835        16
     0.285        20
    0.2865        20
     0.288        21
    0.2895        13
     0.291        14
    0.2925        24
     0.294        16
    0.2955        17
     0.297        22
    0.2985        17
       0.3        11
    0.3015        28
     0.303        21
    0.3045        17
     0.306        18
    0.3075        18
     0.309        12
    0.3105        20
     0.312        17
    0.3135        29
     0.315        20
    0.3165        22
     0.318        14
    0.3195        17
     0.321        23
    0.3225        20
     0.324        20
    0.3255        24
     0.327        17
    0.3285        15
      0.33        17
    0.3315        13
     0.333        15
    0.3345        24
     0.336        18
    0.3375        30
     0.339        16
    0.3405        24
     0.342        18
    0.3435        20
     0.345        21
    0.3465        16
     0.348        24
    0.3495        10
     0.351        12
    0.3525        24
     0.354        15
    0.3555        18
     0.357        23
    0.3585        24
      0.36        17
    0.3615        18
     0.363        19
    0.3645        21
     0.366        35
    0.3675        25
     0.369        19
    0.3705        21
     0.372        15
    0.3735        24
     0.375        18
    0.3765        18
     0.378        23
    0.3795        23
     0.381        25
    0.3825        24
     0.384        22
    0.3855        19
     0.387        19
    0.3885        24
      0.39        23
    0.3915        18
     0.393        20
    0.3945        17
     0.396        21
    0.3975        31
     0.399        27
    0.4005        28
     0.402        18
    0.4035        30
     0.405        17
    0.4065        27
     0.408        15
    0.4095        19
     0.411        33
    0.4125        27
     0.414        26
    0.4155        20
     0.417        15
    0.4185        26
      0.42        23
    0.4215        24
     0.423        21
    0.4245        29
     0.426        28
    0.4275        18
     0.429        26
    0.4305        16
     0.432        21
    0.4335        26
     0.435        26
    0.4365        25
     0.438        28
    0.4395        29
     0.441        22
    0.4425        20
     0.444        21
    0.4455        23
     0.447        29
    0.4485        20
      0.45        28
    0.4515        27
     0.453        18
    0.4545        19
     0.456        27
    0.4575        30
     0.459        14
    0.4605        28
     0.462        25
    0.4635        35
     0.465        28
    0.4665        22
     0.468        23
    0.4695        28
     0.471        28
    0.4725        22
     0.474        23
    0.4755        24
     0.477        16
    0.4785        25
      0.48        25
    0.4815        24
     0.483        27
    0.4845        20
     0.486        22
    0.4875        23
     0.489        34
    0.4905        23
     0.492        20
    0.4935        18
     0.495        30
    0.4965        22
     0.498        29
    0.4995        19
     0.501        25
    0.5025        38
     0.504        23
    0.5055        32
     0.507        32
    0.5085        31
      0.51        33
    0.5115        27
     0.513        24
    0.5145        36
     0.516        25
    0.5175        23
     0.519        23
    0.5205        28
     0.522        23
    0.5235        30
     0.525        28
    0.5265        34
     0.528        15
    0.5295        26
     0.531        28
    0.5325        28
     0.534        20
    0.5355        16
     0.537        19
    0.5385        29
      0.54        34
    0.5415        28
     0.543        24
    0.5445        32
     0.546        21
    0.5475        37
     0.549        30
    0.5505        23
     0.552        27
    0.5535        33
     0.555        39
    0.5565        30
     0.558        21
    0.5595        37
     0.561        23
    0.5625        35
     0.564        26
    0.5655        29
     0.567        27
    0.5685        26
      0.57        25
    0.5715        35
     0.573        29
    0.5745        36
     0.576        31
    0.5775        24
     0.579        22
    0.5805        23
     0.582        28
    0.5835        27
     0.585        32
    0.5865        31
     0.588        29
    0.5895        22
     0.591        20
    0.5925        24
     0.594        45
    0.5955        30
     0.597        31
    0.5985        37
       0.6        27
    0.6015        34
     0.603        26
    0.6045        28
     0.606        28
    0.6075        28
     0.609        25
    0.6105        25
     0.612        27
    0.6135        36
     0.615        26
    0.6165        31
     0.618        28
    0.6195        31
     0.621        32
    0.6225        33
     0.624        24
    0.6255        31
     0.627        24
    0.6285        24
      0.63        28
    0.6315        29
     0.633        25
    0.6345        27
     0.636        25
    0.6375        36
     0.639        28
    0.6405        27
     0.642        33
    0.6435        34
     0.645        29
    0.6465        31
     0.648        26
    0.6495        31
     0.651        26
    0.6525        21
     0.654        40
    0.6555        27
     0.657        35
    0.6585        24
      0.66        36
    0.6615        36
     0.663        24
    0.6645        36
     0.666        29
    0.6675        24
     0.669        43
    0.6705        33
     0.672        33
    0.6735        34
     0.675        40
    0.6765        28
     0.678        33
    0.6795        27
     0.681        36
    0.6825        23
     0.684        23
    0.6855        40
     0.687        23
    0.6885        30
      0.69        28
    0.6915        28
     0.693        25
    0.6945        34
     0.696        39
    0.6975        32
     0.699        30
    0.7005        28
     0.702        35
    0.7035        32
     0.705        31
    0.7065        29
     0.708        32
    0.7095        26
     0.711        31
    0.7125        34
     0.714        40
    0.7155        26
     0.717        26
    0.7185        37
      0.72        27
    0.7215        28
     0.723        32
    0.7245        25
     0.726        23
    0.7275        25
     0.729        31
    0.7305        32
     0.732        31
    0.7335        33
     0.735        32
    0.7365        30
     0.738        36
    0.7395        33
     0.741        35
    0.7425        34
     0.744        22
    0.7455        28
     0.747        32
    0.7485        33
      0.75        36
    0.7515        31
     0.753        28
    0.7545        22
     0.756        32
    0.7575        25
     0.759        43
    0.7605        39
     0.762        36
    0.7635        39
     0.765        37
    0.7665        28
     0.768        38
    0.7695        48
     0.771        31
    0.7725        36
     0.774        36
    0.7755        35
     0.777        36
    0.7785        26
      0.78        40
    0.7815        42
     0.783        30
    0.7845        31
     0.786        42
    0.7875        25
     0.789        41
    0.7905        30
     0.792        27
    0.7935        27
     0.795        28
    0.7965        36
     0.798        35
    0.7995        39
     0.801        35
    0.8025        34
     0.804        42
    0.8055        35
     0.807        24
    0.8085        29
      0.81        38
    0.8115        38
     0.813        35
    0.8145        31
     0.816        28
    0.8175        29
     0.819        26
    0.8205        48
     0.822        34
    0.8235        40
     0.825        43
    0.8265        40
     0.828        42
    0.8295        43
     0.831        27
    0.8325        35
     0.834        30
    0.8355        37
     0.837        47
    0.8385        46
      0.84        34
    0.8415        22
     0.843        32
    0.8445        34
     0.846        33
    0.8475        35
     0.849        49
    0.8505        40
     0.852        34
    0.8535        33
     0.855        43
    0.8565        39
     0.858        41
    0.8595        47
     0.861        31
    0.8625        32
     0.864        23
    0.8655        34
     0.867        35
    0.8685        37
      0.87        26
    0.8715        36
     0.873        41
    0.8745        40
     0.876        35
    0.8775        48
     0.879        33
    0.8805        46
     0.882        31
    0.8835        53
     0.885        40
    0.8865        43
     0.888        35
    0.8895        49
     0.891        43
    0.8925        40
     0.894        28
    0.8955        33
     0.897        36
    0.8985        39
       0.9        36
    0.9015        34
     0.903        37
    0.9045        28
     0.906        26
    0.9075        35
     0.909        38
    0.9105        48
     0.912        51
    0.9135        42
     0.915        47
    0.9165        54
     0.918        34
    0.9195        37
     0.921        25
    0.9225        34
     0.924        39
    0.9255        37
     0.927        42
    0.9285        32
      0.93        35
    0.9315        43
     0.933        42
    0.9345        42
     0.936        42
    0.9375        42
     0.939        41
    0.9405        37
     0.942        45
    0.9435        35
     0.945        36
    0.9465        34
     0.948        51
    0.9495        46
     0.951        34
    0.9525        52
     0.954        31
    0.9555        39
     0.957        31
    0.9585        37
      0.96        39
    0.9615        51
     0.963        38
    0.9645        34
     0.966        40
    0.9675        33
     0.969        42
    0.9705        43
     0.972        34
    0.9735        37
     0.975        37
    0.9765        53
     0.978        46
    0.9795        41
     0.981        40
    0.9825        39
     0.984        46
    0.9855        46
     0.987        32
    0.9885        38
      0.99        28
    0.9915        35
     0.993        34
    0.9945        35
     0.996        34
    0.9975        30
     0.999        34
    1.0005        36
     1.002        39
    1.0035        43
     1.005        38
    1.0065        38
     1.008        37
    1.0095        41
     1.011        38
    1.0125        40
     1.014        50
    1.0155        47
     1.017        42
    1.0185        46
      1.02        33
    1.0215        32
     1.023        35
    1.0245        40
     1.026        40
    1.0275        38
     1.029        49
    1.0305        36
     1.032        39
    1.0335        47
     1.035        50
    1.0365        40
     1.038        29
    1.0395        32
     1.041        54
    1.0425        42
     1.044        38
    1.0455        37
     1.047        37
    1.0485        40
      1.05        38
    1.0515        38
     1.053        37
    1.0545        31
     1.056        36
    1.0575        45
     1.059        32
    1.0605        41
     1.062        38
    1.0635        36
     1.065        46
    1.0665        42
     1.068        45
    1.0695        51
     1.071        38
    1.0725        42
     1.074        44
    1.0755        34
     1.077        43
    1.0785        46
      1.08        52
    1.0815        33
     1.083        45
    1.0845        31
     1.086        43
    1.0875        41
     1.089        35
    1.0905        42
     1.092        44
    1.0935        34
     1.095        41
    1.0965        41
     1.098        38
    1.0995        32
     1.101        49
    1.1025        39
     1.104        59
    1.1055        29
     1.107        52
    1.1085        45
      1.11        44
    1.1115        42
     1.113        38
    1.1145        41
     1.116        34
    1.1175        33
     1.119        41
    1.1205        41
     1.122        42
    1.1235        36
     1.125        32
    1.1265        39
     1.128        47
    1.1295        37
     1.131        35
    1.1325        35
     1.134        40
    1.1355        53
     1.137        46
    1.1385        37
      1.14        44
    1.1415        40
     1.143        45
    1.1445        36
     1.146        55
    1.1475        48
     1.149        47
    1.1505        39
     1.152        51
    1.1535        42
     1.155        32
    1.1565        44
     1.158        55
    1.1595        42
     1.161        40
    1.1625        38
     1.164        41
    1.1655        62
     1.167        47
    1.1685        32
      1.17        44
    1.1715        37
     1.173        49
    1.1745        54
     1.176        47
    1.1775        49
     1.179        39
    1.1805        49
     1.182        37
    1.1835        43
     1.185        49
    1.1865        49
     1.188        35
    1.1895        44
     1.191        47
    1.1925        53
     1.194        43
    1.1955        51
     1.197        50
    1.1985        40
       1.2        39
    1.2015        38
     1.203        36
    1.2045        39
     1.206        42
    1.2075        45
     1.209        53
    1.2105        46
     1.212        50
    1.2135        53
     1.215        39
    1.2165        45
     1.218        40
    1.2195        36
     1.221        48
    1.2225        33
     1.224        55
    1.2255        32
     1.227        67
    1.2285        37
      1.23        46
    1.2315        36
     1.233        55
    1.2345        48
     1.236        42
    1.2375        45
     1.239        42
    1.2405        50
     1.242        45
    1.2435        42
     1.245        44
    1.2465        45
     1.248        40
    1.2495        46
     1.251        32
    1.2525        33
     1.254        31
    1.2555        49
     1.257        47
    1.2585        39
      1.26        41
    1.2615        48
     1.263        46
    1.2645        48
     1.266        38
    1.2675        28
     1.269        47
    1.2705        39
     1.272        51
    1.2735        44
     1.275        45
    1.2765        34
     1.278        51
    1.2795        53
     1.281        41
    1.2825        49
     1.284        37
    1.2855        45
     1.287        57
    1.2885        39
      1.29        41
    1.2915        46
     1.293        40
    1.2945        43
     1.296        35
    1.2975        45
     1.299        35
    1.3005        56
     1.302        52
    1.3035        55
     1.305        56
    1.3065        37
     1.308        54
    1.3095        52
     1.311        52
    1.3125        47
     1.314        42
    1.3155        39
     1.317        40
    1.3185        46
      1.32        43
    1.3215        45
     1.323        35
    1.3245        37
     1.326        49
    1.3275        48
     1.329        43
    1.3305        43
     1.332        44
    1.3335        49
     1.335        45
    1.3365        54
     1.338        41
    1.3395        45
     1.341        43
    1.3425        47
     1.344        46
    1.3455        39
     1.347        49
    1.3485        50
      1.35        42
    1.3515        51
     1.353        55
    1.3545        55
     1.356        48
    1.3575        48
     1.359        55
    1.3605        45
     1.362        41
    1.3635        39
     1.365        55
    1.3665        48
     1.368        45
    1.3695        42
     1.371        52
    1.3725        54
     1.374        51
    1.3755        47
     1.377        47
    1.3785        29
      1.38        47
    1.3815        41
     1.383        51
    1.3845        36
     1.386        62
    1.3875        48
     1.389        42
    1.3905        53
     1.392        52
    1.3935        58
     1.395        40
    1.3965        53
     1.398        42
    1.3995        41
     1.401        44
    1.4025        52
     1.404        43
    1.4055        46
     1.407        51
    1.4085        49
      1.41        46
    1.4115        42
     1.413        36
    1.4145        55
     1.416        47
    1.4175        52
     1.419        39
    1.4205        45
     1.422        51
    1.4235        41
     1.425        48
    1.4265        53
     1.428        53
    1.4295        52
     1.431        50
    1.4325        46
     1.434        55
    1.4355        55
     1.437        42
    1.4385        45
      1.44        58
    1.4415        47
     1.443        46
    1.4445        45
     1.446        51
    1.4475        42
     1.449        43
    1.4505        56
     1.452        60
    1.4535        53
     1.455        58
    1.4565        57
     1.458        36
    1.4595        54
     1.461        50
    1.4625        45
     1.464        51
    1.4655        49
     1.467        40
    1.4685        60
      1.47        52
    1.4715        43
     1.473        50
    1.4745        52
     1.476        48
    1.4775        50
     1.479        49
    1.4805        55
     1.482        39
    1.4835        50
     1.485        36
    1.4865        51
     1.488        51
    1.4895        45
     1.491        46
    1.4925        47
     1.494        44
    1.4955        45
     1.497        51
    1.4985        62
       1.5        35
    1.5015        45
     1.503        68
    1.5045        45
     1.506        41
    1.5075        37
     1.509        54
    1.5105        42
     1.512        49
    1.5135        50
     1.515        58
    1.5165        46
     1.518        45
    1.5195        58
     1.521        50
    1.5225        63
     1.524        38
    1.5255        44
     1.527        60
    1.5285        38
      1.53        48
    1.5315        61
     1.533        40
    1.5345        47
     1.536        62
    1.5375        43
     1.539        58
    1.5405        55
     1.542        38
    1.5435        42
     1.545        58
    1.5465        62
     1.548        49
    1.5495        48
     1.551        40
    1.5525        54
     1.554        55
    1.5555        52
     1.557        46
    1.5585        43
      1.56        42
    1.5615        42
     1.563        44
    1.5645        45
     1.566        50
    1.5675        65
     1.569        56
    1.5705        62
     1.572        52
    1.5735        47
     1.575        44
    1.5765        43
     1.578        45
    1.5795        57
     1.581        34
    1.5825        56
     1.584        48
    1.5855        57
     1.587        35
    1.5885        50
      1.59        44
    1.5915        61
     1.593        58
    1.5945        54
     1.596        41
    1.5975        48
     1.599        47
    1.6005        55
     1.602        51
    1.6035        44
     1.605        52
    1.6065        61
     1.608        49
    1.6095        59
     1.611        51
    1.6125        59
     1.614        43
    1.6155        53
     1.617        49
    1.6185        58
      1.62        43
    1.6215        68
     1.623        49
    1.6245        40
     1.626        48
    1.6275        54
     1.629        42
    1.6305        59
     1.632        35
    1.6335        64
     1.635        50
    1.6365        43
     1.638        50
    1.6395        55
     1.641        55
    1.6425        38
     1.644        46
    1.6455        60
     1.647        62
    1.6485        48
      1.65        53
    1.6515        73
     1.653        56
    1.6545        54
     1.656        51
    1.6575        42
     1.659        41
    1.6605        47
     1.662        47
    1.6635        56
     1.665        56
    1.6665        30
     1.668        62
    1.6695        51
     1.671        46
    1.6725        47
     1.674        57
    1.6755        55
     1.677        48
    1.6785        45
      1.68        49
    1.6815        45
     1.683        67
    1.6845        59
     1.686        60
    1.6875        42
     1.689        56
    1.6905        41
     1.692        59
    1.6935        68
     1.695        48
    1.6965        57
     1.698        64
    1.6995        44
     1.701        50
    1.7025        50
     1.704        40
    1.7055        63
     1.707        58
    1.7085        62
      1.71        47
    1.7115        61
     1.713        41
    1.7145        50
     1.716        51
    1.7175        56
     1.719        62
    1.7205        44
     1.722        40
    1.7235        43
     1.725        38
    1.7265        56
     1.728        57
    1.7295        46
     1.731        49
    1.7325        53
     1.734        60
    1.7355        59
     1.737        53
    1.7385        66
      1.74        50
    1.7415        51
     1.743        50
    1.7445        48
     1.746        53
    1.7475        54
     1.749        49
    1.7505        49
     1.752        50
    1.7535        58
     1.755        47
    1.7565        53
     1.758        62
    1.7595        50
     1.761        47
    1.7625        60
     1.764        45
    1.7655        44
     1.767        70
    1.7685        52
      1.77        56
    1.7715        49
     1.773        58
    1.7745        44
     1.776        62
    1.7775        54
     1.779        41
    1.7805        65
     1.782        68
    1.7835        48
     1.785        59
    1.7865        57
     1.788        44
    1.7895        51
     1.791        52
    1.7925        46
     1.794        54
    1.7955        59
     1.797        45
    1.7985        45
       1.8        47
    1.8015        55
     1.803        61
    1.8045        57
     1.806        59
    1.8075        53
     1.809        57
    1.8105        48
     1.812        46
    1.8135        46
     1.815        41
    1.8165        51
     1.818        46
    1.8195        49
     1.821        61
    1.8225        58
     1.824        53
    1.8255        50
     1.827        54
    1.8285        50
      1.83        54
    1.8315        44
     1.833        50
    1.8345        55
     1.836        49
    1.8375        66
     1.839        43
    1.8405        56
     1.842        62
    1.8435        53
     1.845        46
    1.8465        60
     1.848        71
    1.8495        58
     1.851        46
    1.8525        55
     1.854        41
    1.8555        52
     1.857        51
    1.8585        51
      1.86        43
    1.8615        58
     1.863        52
    1.8645        52
     1.866        56
    1.8675        47
     1.869        73
    1.8705        46
     1.872        56
    1.8735        40
     1.875        40
    1.8765        59
     1.878        57
    1.8795        43
     1.881        53
    1.8825        48
     1.884        54
    1.8855        62
     1.887        57
    1.8885        47
      1.89        66
    1.8915        59
     1.893        55
    1.8945        56
     1.896        54
    1.8975        49
     1.899        51
    1.9005        50
     1.902        60
    1.9035        48
     1.905        57
    1.9065        52
     1.908        66
    1.9095        46
     1.911        50
    1.9125        49
     1.914        60
    1.9155        58
     1.917        58
    1.9185        52
      1.92        64
    1.9215        43
     1.923        59
    1.9245        53
     1.926        53
    1.9275        66
     1.929        44
    1.9305        46
     1.932        41
    1.9335        47
     1.935        49
    1.9365        58
     1.938        51
    1.9395        51
     1.941        50
    1.9425        60
     1.944        58
    1.9455        48
     1.947        49
    1.9485        53
      1.95        55
    1.9515        54
     1.953        45
    1.9545        57
     1.956        48
    1.9575        55
     1.959        65
    1.9605        50
     1.962        49
    1.9635        52
     1.965        54
    1.9665        56
     1.968        65
    1.9695        56
     1.971        42
    1.9725        60
     1.974        76
    1.9755        54
     1.977        50
    1.9785        48
      1.98        43
    1.9815        55
     1.983        66
    1.9845        67
     1.986        56
    1.9875        50
     1.989        63
    1.9905        49
     1.992        50
    1.9935        58
     1.995        43
    1.9965        54
     1.998        43
    1.9995        53
     2.001        43
    2.0025        55
     2.004        60
    2.0055        49
     2.007        64
    2.0085        63
      2.01        64
    2.0115        39
     2.013        48
    2.0145        55
     2.016        45
    2.0175        66
     2.019        46
    2.0205        51
     2.022        46
    2.0235        58
     2.025        59
    2.0265        60
     2.028        55
    2.0295        57
     2.031        59
    2.0325        46
     2.034        47
    2.0355        55
     2.037        36
    2.0385        54
      2.04        45
    2.0415        58
     2.043        70
    2.0445        41
     2.046        70
    2.0475        59
     2.049        57
    2.0505        57
     2.052        62
    2.0535        58
     2.055        50
    2.0565        55
     2.058        56
    2.0595        47
     2.061        60
    2.0625        59
     2.064        54
    2.0655        52
     2.067        46
    2.0685        48
      2.07        55
    2.0715        52
     2.073        52
    2.0745        55
     2.076        50
    2.0775        60
     2.079        66
    2.0805        46
     2.082        39
    2.0835        69
     2.085        56
    2.0865        63
     2.088        48
    2.0895        65
     2.091        67
    2.0925        56
     2.094        60
    2.0955        57
     2.097        52
    2.0985        69
       2.1        59
    2.1015        39
     2.103        53
    2.1045        51
     2.106        67
    2.1075        51
     2.109        63
    2.1105        60
     2.112        57
    2.1135        65
     2.115        46
    2.1165        51
     2.118        59
    2.1195        67
     2.121        56
    2.1225        60
     2.124        46
    2.1255        54
     2.127        58
    2.1285        61
      2.13        64
    2.1315        54
     2.133        59
    2.1345        46
     2.136        48
    2.1375        64
     2.139        71
    2.1405        55
     2.142        60
    2.1435        53
     2.145        62
    2.1465        57
     2.148        43
    2.1495        51
     2.151        61
    2.1525        69
     2.154        50
    2.1555        60
     2.157        59
    2.1585        45
      2.16        54
    2.1615        61
     2.163        55
    2.1645        54
     2.166        52
    2.1675        50
     2.169        54
    2.1705        58
     2.172        64
    2.1735        47
     2.175        42
    2.1765        55
     2.178        50
    2.1795        48
     2.181        55
    2.1825        61
     2.184        59
    2.1855        51
     2.187        55
    2.1885        53
      2.19        62
    2.1915        52
     2.193        57
    2.1945        54
     2.196        51
    2.1975        63
     2.199        48
    2.2005        50
     2.202        50
    2.2035        45
     2.205        58
    2.2065        51
     2.208        64
    2.2095        61
     2.211        49
    2.2125        49
     2.214        43
    2.2155        37
     2.217        62
    2.2185        56
      2.22        56
    2.2215        48
     2.223        54
    2.2245        51
     2.226        61
    2.2275        66
     2.229        58
    2.2305        48
     2.232        74
    2.2335        63
     2.235        50
    2.2365        61
     2.238        47
    2.2395        65
     2.241        60
    2.2425        54
     2.244        61
    2.2455        58
     2.247        43
    2.2485        52
      2.25        52
    2.2515        60
     2.253        54
    2.2545        57
     2.256        46
    2.2575        57
     2.259        49
    2.2605        59
     2.262        55
    2.2635        49
     2.265        53
    2.2665        51
     2.268        56
    2.2695        54
     2.271        60
    2.2725        51
     2.274        48
    2.2755        59
     2.277        59
    2.2785        45
      2.28        54
    2.2815        61
     2.283        59
    2.2845        60
     2.286        61
    2.2875        44
     2.289        58
    2.2905        67
     2.292        64
    2.2935        48
     2.295        42
    2.2965        60
     2.298        46
    2.2995        57
     2.301        58
    2.3025        40
     2.304        64
    2.3055        64
     2.307        51
    2.3085        53
      2.31        46
    2.3115        66
     2.313        53
    2.3145        45
     2.316        45
    2.3175        47
     2.319        54
    2.3205        53
     2.322        57
    2.3235        53
     2.325        62
    2.3265        60
     2.328        61
    2.3295        44
     2.331        54
    2.3325        54
     2.334        61
    2.3355        47
     2.337        50
    2.3385        43
      2.34        51
    2.3415        54
     2.343        56
    2.3445        50
     2.346        42
    2.3475        60
     2.349        40
    2.3505        56
     2.352        65
    2.3535        55
     2.355        55
    2.3565        67
     2.358        54
    2.3595        44
     2.361        51
    2.3625        43
     2.364        57
    2.3655        54
     2.367        60
    2.3685        52
      2.37        54
    2.3715        56
     2.373        69
    2.3745        51
     2.376        56
    2.3775        38
     2.379        47
    2.3805        53
     2.382        67
    2.3835        49
     2.385        61
    2.3865        51
     2.388        76
    2.3895        45
     2.391        52
    2.3925        60
     2.394        53
    2.3955        58
     2.397        55
    2.3985        65
       2.4        54
    2.4015        50
     2.403        56
    2.4045        47
     2.406        69
    2.4075        41
     2.409        59
    2.4105        53
     2.412        58
    2.4135        48
     2.415        49
    2.4165        55
     2.418        52
    2.4195        51
     2.421        48
    2.4225        56
     2.424        44
    2.4255        56
     2.427        64
    2.4285        60
      2.43        64
    2.4315        62
     2.433        50
    2.4345        54
     2.436        58
    2.4375        55
     2.439        60
    2.4405        61
     2.442        55
    2.4435        70
     2.445        58
    2.4465        57
     2.448        51
    2.4495        47
     2.451        60
    2.4525        63
     2.454        50
    2.4555        51
     2.457        54
    2.4585        51
      2.46        58
    2.4615        61
     2.463        48
    2.4645        52
     2.466        45
    2.4675        56
     2.469        61
    2.4705        60
     2.472        49
    2.4735        52
     2.475        44
    2.4765        54
     2.478        68
    2.4795        55
     2.481        51
    2.4825        47
     2.484        66
    2.4855        48
     2.487        60
    2.4885        52
      2.49        60
    2.4915        56
     2.493        56
    2.4945        60
     2.496        59
    2.4975        59
     2.499        61
    2.5005        68
     2.502        44
    2.5035        52
     2.505        77
    2.5065        74
     2.508        53
    2.5095        49
     2.511        41
    2.5125        59
     2.514        60
    2.5155        50
     2.517        60
    2.5185        50
      2.52        56
    2.5215        55
     2.523        49
    2.5245        54
     2.526        68
    2.5275        49
     2.529        58
    2.5305        54
     2.532        57
    2.5335        52
     2.535        68
    2.5365        59
     2.538        59
    2.5395        63
     2.541        62
    2.5425        54
     2.544        47
    2.5455        61
     2.547        45
    2.5485        46
      2.55        64
    2.5515        43
     2.553        56
    2.5545        70
     2.556        56
    2.5575        45
     2.559        60
    2.5605        61
     2.562        59
    2.5635        55
     2.565        34
    2.5665        52
     2.568        57
    2.5695        51
     2.571        60
    2.5725        61
     2.574        64
    2.5755        72
     2.577        52
    2.5785        54
      2.58        49
    2.5815        53
     2.583        60
    2.5845        65
     2.586        63
    2.5875        51
     2.589        56
    2.5905        63
     2.592        57
    2.5935        52
     2.595        70
    2.5965        46
     2.598        68
    2.5995        54
     2.601        60
    2.6025        58
     2.604        52
    2.6055        69
     2.607        52
    2.6085        62
      2.61        58
    2.6115        50
     2.613        52
    2.6145        46
     2.616        58
    2.6175        61
     2.619        61
    2.6205        60
     2.622        57
    2.6235        49
     2.625        57
    2.6265        53
     2.628        51
    2.6295        58
     2.631        59
    2.6325        56
     2.634        57
    2.6355        62
     2.637        58
    2.6385        52
      2.64        54
    2.6415        51
     2.643        52
    2.6445        49
     2.646        67
    2.6475        54
     2.649        63
    2.6505        45
     2.652        54
    2.6535        49
     2.655        58
    2.6565        66
     2.658        50
    2.6595        40
     2.661        60
    2.6625        56
     2.664        59
    2.6655        71
     2.667        44
    2.6685        57
      2.67        58
    2.6715        59
     2.673        52
    2.6745        60
     2.676        46
    2.6775        47
     2.679        60
    2.6805        57
     2.682        56
    2.6835        48
     2.685        61
    2.6865        57
     2.688        42
    2.6895        64
     2.691        61
    2.6925        63
     2.694        49
    2.6955        52
     2.697        43
    2.6985        50
       2.7        60
    2.7015        68
     2.703        56
    2.7045        54
     2.706        61
    2.7075        50
     2.709        51
    2.7105        55
     2.712        55
    2.7135        61
     2.715        52
    2.7165        46
     2.718        57
    2.7195        61
     2.721        62
    2.7225        66
     2.724        49
    2.7255        68
     2.727        45
    2.7285        50
      2.73        53
    2.7315        58
     2.733        58
    2.7345        45
     2.736        57
    2.7375        49
     2.739        48
    2.7405        56
     2.742        50
    2.7435        56
     2.745        51
    2.7465        64
     2.748        54
    2.7495        48
     2.751        60
    2.7525        57
     2.754        59
    2.7555        60
     2.757        55
    2.7585        55
      2.76        51
    2.7615        44
     2.763        50
    2.7645        44
     2.766        66
    2.7675        46
     2.769        55
    2.7705        85
     2.772        55
    2.7735        62
     2.775        56
    2.7765        57
     2.778        57
    2.7795        59
     2.781        57
    2.7825        60
     2.784        64
    2.7855        59
     2.787        43
    2.7885        53
      2.79        71
    2.7915        52
     2.793        56
    2.7945        63
     2.796        66
    2.7975        74
     2.799        61
    2.8005        50
     2.802        42
    2.8035        50
     2.805        65
    2.8065        65
     2.808        52
    2.8095        53
     2.811        57
    2.8125        40
     2.814        56
    2.8155        61
     2.817        63
    2.8185        55
      2.82        50
    2.8215        56
     2.823        61
    2.8245        73
     2.826        61
    2.8275        55
     2.829        52
    2.8305        45
     2.832        56
    2.8335        52
     2.835        61
    2.8365        53
     2.838        63
    2.8395        71
     2.841        48
    2.8425        58
     2.844        56
    2.8455        54
     2.847        41
    2.8485        49
      2.85        50
    2.8515        42
     2.853        55
    2.8545        61
     2.856        53
    2.8575        60
     2.859        62
    2.8605        58
     2.862        48
    2.8635        68
     2.865        65
    2.8665        59
     2.868        48
    2.8695        52
     2.871        38
    2.8725        59
     2.874        48
    2.8755        67
     2.877        53
    2.8785        61
      2.88        50
    2.8815        51
     2.883        46
    2.8845        69
     2.886        65
    2.8875        58
     2.889        50
    2.8905        59
     2.892        57
    2.8935        54
     2.895        56
    2.8965        56
     2.898        53
    2.8995        55
     2.901        63
    2.9025        58
     2.904        61
    2.9055        60
     2.907        67
    2.9085        50
      2.91        46
    2.9115        57
     2.913        67
    2.9145        58
     2.916        67
    2.9175        55
     2.919        54
    2.9205        40
     2.922        47
    2.9235        53
     2.925        57
    2.9265        51
     2.928        68
    2.9295        44
     2.931        45
    2.9325        61
     2.934        38
    2.9355        45
     2.937        58
    2.9385        43
      2.94        64
    2.9415        66
     2.943        51
    2.9445        53
     2.946        57
    2.9475        61
     2.949        57
    2.9505        44
     2.952        61
    2.9535        56
     2.955        58
    2.9565        48
     2.958        47
    2.9595        39
     2.961        58
    2.9625        50
     2.964        55
    2.9655        62
     2.967        63
    2.9685        47
      2.97        62
    2.9715        50
     2.973        57
    2.9745        52
     2.976        51
    2.9775        62
     2.979        43
    2.9805        56
     2.982        53
    2.9835        62
     2.985        69
    2.9865        50
     2.988        66
    2.9895        52
     2.991        65
    2.9925        37
     2.994        55
    2.9955        42
     2.997        59
    2.9985        52
         3        49
    3.0015        47
     3.003        47
    3.0045        59
     3.006        52
    3.0075        49
     3.009        57
    3.0105        54
     3.012        53
    3.0135        62
     3.015        55
    3.0165        60
     3.018        53
    3.0195        55
     3.021        47
    3.0225        63
     3.024        54
    3.0255        65
     3.027        60
    3.0285        54
      3.03        50
    3.0315        58
     3.033        58
    3.0345        61
     3.036        47
    3.0375        46
     3.039        64
    3.0405        58
     3.042        54
    3.0435        49
     3.045        57
    3.0465        49
     3.048        62
    3.0495        52
     3.051        47
    3.0525        64
     3.054        66
    3.0555        48
     3.057        51
    3.0585        48
      3.06        51
    3.0615        55
     3.063        56
    3.0645        58
     3.066        53
    3.0675        38
     3.069        43
    3.0705        59
     3.072        61
    3.0735        44
     3.075        57
    3.0765        56
     3.078        51
    3.0795        49
     3.081        60
    3.0825        61
     3.084        54
    3.0855        57
     3.087        36
    3.0885        58
      3.09        49
    3.0915        58
     3.093        48
    3.0945        56
     3.096        54
    3.0975        49
     3.099        51
    3.1005        51
     3.102        50
    3.1035        50
     3.105        50
    3.1065        54
     3.108        64
    3.1095        47
     3.111        58
    3.1125        49
     3.114        48
    3.1155        49
     3.117        46
    3.1185        55
      3.12        57
    3.1215        65
     3.123        59
    3.1245        48
     3.126        65
    3.1275        62
     3.129        48
    3.1305        66
     3.132        47
    3.1335        41
     3.135        64
    3.1365        46
     3.138        57
    3.1395        62
     3.141        44
    3.1425        50
     3.144        63
    3.1455        49
     3.147        57
    3.1485        50
      3.15        43
    3.1515        57
     3.153        52
    3.1545        48
     3.156        64
    3.1575        42
     3.159        52
    3.1605        45
     3.162        52
    3.1635        58
     3.165        52
    3.1665        64
     3.168        58
    3.1695        55
     3.171        55
    3.1725        56
     3.174        55
    3.1755        59
     3.177        48
    3.1785        52
      3.18        64
    3.1815        59
     3.183        65
    3.1845        46
     3.186        52
    3.1875        44
     3.189        54
    3.1905        45
     3.192        49
    3.1935        55
     3.195        61
    3.1965        57
     3.198        52
    3.1995        66
     3.201        57
    3.2025        56
     3.204        58
    3.2055        44
     3.207        56
    3.2085        55
      3.21        60
    3.2115        54
     3.213        47
    3.2145        49
     3.216        53
    3.2175        61
     3.219        45
    3.2205        58
     3.222        54
    3.2235        52
     3.225        57
    3.2265        55
     3.228        47
    3.2295        42
     3.231        44
    3.2325        43
     3.234        63
    3.2355        40
     3.237        42
    3.2385        43
      3.24        41
    3.2415        60
     3.243        52
    3.2445        68
     3.246        51
    3.2475        49
     3.249        47
    3.2505        53
     3.252        47
    3.2535        63
     3.255        49
    3.2565        61
     3.258        57
    3.2595        47
     3.261        44
    3.2625        56
     3.264        42
    3.2655        55
     3.267        59
    3.2685        68
      3.27        44
    3.2715        53
     3.273        59
    3.2745        58
     3.276        53
    3.2775        54
     3.279        53
    3.2805        64
     3.282        55
    3.2835        59
     3.285        57
    3.2865        59
     3.288        55
    3.2895        56
     3.291        55
    3.2925        53
     3.294        48
    3.2955        52
     3.297        60
    3.2985        68
       3.3        50
    3.3015        60
     3.303        61
    3.3045        43
     3.306        52
    3.3075        49
     3.309        67
    3.3105        59
     3.312        70
    3.3135        50
     3.315        49
    3.3165        56
     3.318        35
    3.3195        51
     3.321        48
    3.3225        46
     3.324        52
    3.3255        61
     3.327        53
    3.3285        68
      3.33        53
    3.3315        55
     3.333        53
    3.3345        63
     3.336        56
    3.3375        48
     3.339        49
    3.3405        62
     3.342        58
    3.3435        50
     3.345        57
    3.3465        49
     3.348        49
    3.3495        47
     3.351        69
    3.3525        34
     3.354        63
    3.3555        55
     3.357        56
    3.3585        49
      3.36        54
    3.3615        46
     3.363        46
    3.3645        54
     3.366        64
    3.3675        56
     3.369        41
    3.3705        46
     3.372        52
    3.3735        60
     3.375        54
    3.3765        56
     3.378        44
    3.3795        42
     3.381        52
    3.3825        53
     3.384        38
    3.3855        55
     3.387        58
    3.3885        47
      3.39        58
    3.3915        55
     3.393        54
    3.3945        61
     3.396        40
    3.3975        46
     3.399        55
    3.4005        55
     3.402        47
    3.4035        44
     3.405        55
    3.4065        45
     3.408        50
    3.4095        59
     3.411        52
    3.4125        64
     3.414        65
    3.4155        42
     3.417        49
    3.4185        62
      3.42        54
    3.4215        50
     3.423        53
    3.4245        43
     3.426        62
    3.4275        48
     3.429        56
    3.4305        41
     3.432        52
    3.4335        46
     3.435        44
    3.4365        42
     3.438        47
    3.4395        41
     3.441        41
    3.4425        43
     3.444        46
    3.4455        54
     3.447        38
    3.4485        51
      3.45        45
    3.4515        56
     3.453        50
    3.4545        47
     3.456        54
    3.4575        45
     3.459        46
    3.4605        49
     3.462        53
    3.4635        48
     3.465        52
    3.4665        55
     3.468        44
    3.4695        50
     3.471        46
    3.4725        51
     3.474        52
    3.4755        49
     3.477        43
    3.4785        51
      3.48        46
    3.4815        39
     3.483        56
    3.4845        42
     3.486        47
    3.4875        67
     3.489        51
    3.4905        63
     3.492        53
    3.4935        49
     3.495        45
    3.4965        43
     3.498        59
    3.4995        48
     3.501        57
    3.5025        42
     3.504        56
    3.5055        35
     3.507        67
    3.5085        52
      3.51        58
    3.5115        44
     3.513        54
    3.5145        58
     3.516        60
    3.5175        41
     3.519        37
    3.5205        45
     3.522        44
    3.5235        54
     3.525        48
    3.5265        40
     3.528        51
    3.5295        40
     3.531        50
    3.5325        47
     3.534        62
    3.5355        41
     3.537        54
    3.5385        56
      3.54        52
    3.5415        43
     3.543        52
    3.5445        45
     3.546        31
    3.5475        58
     3.549        56
    3.5505        41
     3.552        47
    3.5535        44
     3.555        56
    3.5565        42
     3.558        53
    3.5595        53
     3.561        42
    3.5625        43
     3.564        40
    3.5655        55
     3.567        58
    3.5685        43
      3.57        49
    3.5715        46
     3.573        57
    3.5745        49
     3.576        47
    3.5775        29
     3.579        47
    3.5805        51
     3.582        51
    3.5835        43
     3.585        41
    3.5865        55
     3.588        45
    3.5895        47
     3.591        66
    3.5925        52
     3.594        40
    3.5955        38
     3.597        43
    3.5985        52
       3.6        44
    3.6015        50
     3.603        48
    3.6045        54
     3.606        57
    3.6075        42
     3.609        43
    3.6105        60
     3.612        51
    3.6135        51
     3.615        42
    3.6165        44
     3.618        55
    3.6195        38
     3.621        45
    3.6225        43
     3.624        48
    3.6255        50
     3.627        50
    3.6285        53
      3.63        55
    3.6315        47
     3.633        46
    3.6345        46
     3.636        51
    3.6375        50
     3.639        39
    3.6405        55
     3.642        53
    3.6435        50
     3.645        50
    3.6465        49
     3.648        43
    3.6495        40
     3.651        49
    3.6525        48
     3.654        51
    3.6555        48
     3.657        46
    3.6585        47
      3.66        53
    3.6615        44
     3.663        41
    3.6645        49
     3.666        41
    3.6675        40
     3.669        48
    3.6705        58
     3.672        44
    3.6735        47
     3.675        48
    3.6765        54
     3.678        34
    3.6795        49
     3.681        55
    3.6825        42
     3.684        47
    3.6855        46
     3.687        51
    3.6885        59
      3.69        47
    3.6915        61
     3.693        52
    3.6945        48
     3.696        51
    3.6975        52
     3.699        34
    3.7005        40
     3.702        43
    3.7035        49
     3.705        43
    3.7065        55
     3.708        47
    3.7095        57
     3.711        59
    3.7125        56
     3.714        58
    3.7155        52
     3.717        38
    3.7185        50
      3.72        50
    3.7215        49
     3.723        44
    3.7245        52
     3.726        57
    3.7275        48
     3.729        47
    3.7305        54
     3.732        58
    3.7335        48
     3.735        53
    3.7365        40
     3.738        52
    3.7395        46
     3.741        51
    3.7425        56
     3.744        47
    3.7455        47
     3.747        56
    3.7485        36
      3.75        39
    3.7515        29
     3.753        56
    3.7545        63
     3.756        41
    3.7575        43
     3.759        61
    3.7605        53
     3.762        34
    3.7635        47
     3.765        43
    3.7665        42
     3.768        33
    3.7695        59
     3.771        34
    3.7725        37
     3.774        49
    3.7755        46
     3.777        59
    3.7785        42
      3.78        35
    3.7815        37
     3.783        54
    3.7845        56
     3.786        45
    3.7875        46
     3.789        43
    3.7905        48
     3.792        37
    3.7935        36
     3.795        52
    3.7965        54
     3.798        48
    3.7995        50
     3.801        32
    3.8025        51
     3.804        63
    3.8055        56
     3.807        52
    3.8085        48
      3.81        44
    3.8115        51
     3.813        40
    3.8145        55
     3.816        47
    3.8175        34
     3.819        57
    3.8205        40
     3.822        42
    3.8235        45
     3.825        39
    3.8265        48
     3.828        46
    3.8295        40
     3.831        49
    3.8325        44
     3.834        39
    3.8355        39
     3.837        60
    3.8385        57
      3.84        37
    3.8415        57
     3.843        51
    3.8445        45
     3.846        49
    3.8475        41
     3.849        52
    3.8505        44
     3.852        50
    3.8535        42
     3.855        44
    3.8565        49
     3.858        47
    3.8595        53
     3.861        47
    3.8625        46
     3.864        49
    3.8655        38
     3.867        40
    3.8685        65
      3.87        46
    3.8715        35
     3.873        41
    3.8745        34
     3.876        48
    3.8775        52
     3.879        56
    3.8805        58
     3.882        41
    3.8835        49
     3.885        47
    3.8865        48
     3.888        50
    3.8895        46
     3.891        50
    3.8925        50
     3.894        44
    3.8955        49
     3.897        35
    3.8985        41
       3.9        34
    3.9015        49
     3.903        67
    3.9045        35
     3.906        40
    3.9075        34
     3.909        48
    3.9105        43
     3.912        53
    3.9135        53
     3.915        47
    3.9165        38
     3.918        46
    3.9195        40
     3.921        42
    3.9225        57
     3.924        37
    3.9255        42
     3.927        42
    3.9285        40
      3.93        46
    3.9315        42
     3.933        36
    3.9345        51
     3.936        43
    3.9375        43
     3.939        32
    3.9405        53
     3.942        46
    3.9435        42
     3.945        34
    3.9465        49
     3.948        52
    3.9495        48
     3.951        52
    3.9525        50
     3.954        37
    3.9555        44
     3.957        53
    3.9585        36
      3.96        45
    3.9615        50
     3.963        44
    3.9645        41
     3.966        48
    3.9675        42
     3.969        51
    3.9705        50
     3.972        47
    3.9735        42
     3.975        43
    3.9765        46
     3.978        45
    3.9795        32
     3.981        43
    3.9825        47
     3.984        39
    3.9855        39
     3.987        34
    3.9885        40
      3.99        46
    3.9915        37
     3.993        38
    3.9945        32
     3.996        47
    3.9975        33
     3.999        40
    4.0005        34
     4.002        51
    4.0035        43
     4.005        38
    4.0065        48
     4.008        41
    4.0095        44
     4.011        44
    4.0125        49
     4.014        31
    4.0155        46
     4.017        40
    4.0185        40
      4.02        52
    4.0215        42
     4.023        42
    4.0245        48
     4.026        53
    4.0275        42
     4.029        35
    4.0305        42
     4.032        44
    4.0335        38
     4.035        42
    4.0365        44
     4.038        47
    4.0395        42
     4.041        45
    4.0425        43
     4.044        41
    4.0455        38
     4.047        41
    4.0485        49
      4.05        39
    4.0515        38
     4.053        39
    4.0545        49
     4.056        47
    4.0575        40
     4.059        48
    4.0605        42
     4.062        41
    4.0635        41
     4.065        42
    4.0665        39
     4.068        39
    4.0695        34
     4.071        42
    4.0725        30
     4.074        45
    4.0755        54
     4.077        34
    4.0785        42
      4.08        34
    4.0815        41
     4.083        41
    4.0845        43
     4.086        45
    4.0875        37
     4.089        42
    4.0905        57
     4.092        55
    4.0935        37
     4.095        33
    4.0965        38
     4.098        33
    4.0995        45
     4.101        44
    4.1025        38
     4.104        33
    4.1055        39
     4.107        42
    4.1085        41
      4.11        36
    4.1115        52
     4.113        45
    4.1145        40
     4.116        40
    4.1175        44
     4.119        54
    4.1205        42
     4.122        50
    4.1235        36
     4.125        32
    4.1265        42
     4.128        41
    4.1295        33
     4.131        38
    4.1325        48
     4.134        42
    4.1355        43
     4.137        42
    4.1385        43
      4.14        47
    4.1415        37
     4.143        44
    4.1445        29
     4.146        33
    4.1475        51
     4.149        45
    4.1505        39
     4.152        44
    4.1535        39
     4.155        41
    4.1565        33
     4.158        42
    4.1595        54
     4.161        36
    4.1625        34
     4.164        46
    4.1655        30
     4.167        46
    4.1685        36
      4.17        47
    4.1715        42
     4.173        41
    4.1745        45
     4.176        34
    4.1775        41
     4.179        46
    4.1805        41
     4.182        42
    4.1835        56
     4.185        35
    4.1865        44
     4.188        42
    4.1895        36
     4.191        46
    4.1925        38
     4.194        44
    4.1955        28
     4.197        29
    4.1985        46
       4.2        50
    4.2015        41
     4.203        38
    4.2045        42
     4.206        48
    4.2075        47
     4.209        34
    4.2105        36
     4.212        51
    4.2135        45
     4.215        37
    4.2165        49
     4.218        33
    4.2195        33
     4.221        26
    4.2225        38
     4.224        37
    4.2255        44
     4.227        43
    4.2285        27
      4.23        39
    4.2315        30
     4.233        39
    4.2345        30
     4.236        44
    4.2375        36
     4.239        42
    4.2405        37
     4.242        38
    4.2435        35
     4.245        38
    4.2465        39
     4.248        42
    4.2495        31
     4.251        24
    4.2525        40
     4.254        38
    4.2555        36
     4.257        38
    4.2585        36
      4.26        47
    4.2615        37
     4.263        32
    4.2645        30
     4.266        33
    4.2675        35
     4.269        41
    4.2705        48
     4.272        28
    4.2735        26
     4.275        46
    4.2765        46
     4.278        41
    4.2795        48
     4.281        49
    4.2825        35
     4.284        40
    4.2855        39
     4.287        34
    4.2885        42
      4.29        34
    4.2915        45
     4.293        38
    4.2945        27
     4.296        30
    4.2975        32
     4.299        41
    4.3005        43
     4.302        40
    4.3035        32
     4.305        42
    4.3065        34
     4.308        45
    4.3095        33
     4.311        41
    4.3125        27
     4.314        44
    4.3155        39
     4.317        44
    4.3185        43
      4.32        45
    4.3215        41
     4.323        29
    4.3245        29
     4.326        29
    4.3275        36
     4.329        37
    4.3305        40
     4.332        39
    4.3335        40
     4.335        35
    4.3365        37
     4.338        34
    4.3395        40
     4.341        40
    4.3425        36
     4.344        34
    4.3455        37
     4.347        37
    4.3485        36
      4.35        34
    4.3515        30
     4.353        36
    4.3545        36
     4.356        34
    4.3575        32
     4.359        29
    4.3605        38
     4.362        33
    4.3635        30
     4.365        28
    4.3665        30
     4.368        35
    4.3695        31
     4.371        38
    4.3725        38
     4.374        46
    4.3755        35
     4.377        43
    4.3785        28
      4.38        32
    4.3815        37
     4.383        29
    4.3845        35
     4.386        41
    4.3875        36
     4.389        39
    4.3905        45
     4.392        27
    4.3935        48
     4.395        28
    4.3965        35
     4.398        34
    4.3995        30
     4.401        45
    4.4025        46
     4.404        32
    4.4055        52
     4.407        32
    4.4085        34
      4.41        31
    4.4115        42
     4.413        33
    4.4145        44
     4.416        31
    4.4175        31
     4.419        36
    4.4205        40
     4.422        32
    4.4235        53
     4.425        33
    4.4265        29
     4.428        33
    4.4295        21
     4.431        46
    4.4325        36
     4.434        34
    4.4355        38
     4.437        34
    4.4385        29
      4.44        43
    4.4415        41
     4.443        33
    4.4445        39
     4.446        31
    4.4475        30
     4.449        28
    4.4505        32
     4.452        31
    4.4535        46
     4.455        33
    4.4565        21
     4.458        39
    4.4595        28
     4.461        28
    4.4625        30
     4.464        36
    4.4655        38
     4.467        34
    4.4685        35
      4.47        26
    4.4715        32
     4.473        25
    4.4745        28
     4.476        39
    4.4775        39
     4.479        29
    4.4805        37
     4.482        37
    4.4835        35
     4.485        42
    4.4865        32
     4.488        35
    4.4895        38
     4.491        29
    4.4925        40
     4.494        27
    4.4955        39
     4.497        38
    4.4985        31
       4.5        31
    4.5015        32
     4.503        28
    4.5045        31
     4.506        40
    4.5075        34
     4.509        28
    4.5105        43
     4.512        31
    4.5135        42
     4.515        26
    4.5165        30
     4.518        30
    4.5195        31
     4.521        30
    4.5225        33
     4.524        31
    4.5255        37
     4.527        29
    4.5285        29
      4.53        25
    4.5315        32
     4.533        28
    4.5345        33
     4.536        29
    4.5375        27
     4.539        37
    4.5405        41
     4.542        32
    4.5435        31
     4.545        32
    4.5465        16
     4.548        41
    4.5495        30
     4.551        20
    4.5525        31
     4.554        29
    4.5555        29
     4.557        36
    4.5585        25
      4.56        30
    4.5615        27
     4.563        25
    4.5645        25
     4.566        26
    4.5675        27
     4.569        29
    4.5705        27
     4.572        30
    4.5735        26
     4.575        22
    4.5765        30
     4.578        28
    4.5795        30
     4.581        25
    4.5825        32
     4.584        30
    4.5855        24
     4.587        22
    4.5885        27
      4.59        30
    4.5915        36
     4.593        30
    4.5945        22
     4.596        34
    4.5975        31
     4.599        23
    4.6005        36
     4.602        28
    4.6035        26
     4.605        31
    4.6065        25
     4.608        26
    4.6095        17
     4.611        25
    4.6125        29
     4.614        27
    4.6155        40
     4.617        27
    4.6185        40
      4.62        36
    4.6215        29
     4.623        27
    4.6245        26
     4.626        32
    4.6275        26
     4.629        26
    4.6305        23
     4.632        24
    4.6335        35
     4.635        27
    4.6365        20
     4.638        36
    4.6395        27
     4.641        35
    4.6425        32
     4.644        26
    4.6455        24
     4.647        23
    4.6485        30
      4.65        27
    4.6515        29
     4.653        30
    4.6545        21
     4.656        22
    4.6575        40
     4.659        24
    4.6605        26
     4.662        31
    4.6635        22
     4.665        34
    4.6665        29
     4.668        24
    4.6695        29
     4.671        35
    4.6725        38
     4.674        24
    4.6755        24
     4.677        27
    4.6785        26
      4.68        23
    4.6815        41
     4.683        24
    4.6845        27
     4.686        23
    4.6875        24
     4.689        31
    4.6905        31
     4.692        29
    4.6935        29
     4.695        30
    4.6965        27
     4.698        34
    4.6995        20
     4.701        23
    4.7025        29
     4.704        21
    4.7055        22
     4.707        22
    4.7085        25
      4.71        28
    4.7115        23
     4.713        26
    4.7145        21
     4.716        32
    4.7175        19
     4.719        28
    4.7205        25
     4.722        20
    4.7235        28
     4.725        29
    4.7265        24
     4.728        30
    4.7295        20
     4.731        25
    4.7325        27
     4.734        28
    4.7355        31
     4.737        23
    4.7385        26
      4.74        22
    4.7415        16
     4.743        26
    4.7445        31
     4.746        16
    4.7475        29
     4.749        25
    4.7505        24
     4.752        24
    4.7535        17
     4.755        31
    4.7565        18
     4.758        19
    4.7595        20
     4.761        32
    4.7625        24
     4.764        28
    4.7655        21
     4.767        25
    4.7685        22
      4.77        15
    4.7715        30
     4.773        20
    4.7745        13
     4.776        21
    4.7775        22
     4.779        29
    4.7805        29
     4.782        23
    4.7835        23
     4.785        24
    4.7865        23
     4.788        21
    4.7895        24
     4.791        22
    4.7925        20
     4.794        23
    4.7955        25
     4.797        26
    4.7985        26
       4.8        26
    4.8015        24
     4.803        29
    4.8045        21
     4.806        24
    4.8075        21
     4.809        24
    4.8105        20
     4.812        22
    4.8135        18
     4.815        26
    4.8165        21
     4.818        17
    4.8195        24
     4.821        24
    4.8225        22
     4.824        22
    4.8255        19
     4.827        19
    4.8285        22
      4.83        29
    4.8315        15
     4.833        25
    4.8345        23
     4.836        17
    4.8375        25
     4.839        20
    4.8405        23
     4.842        22
    4.8435        21
     4.845        20
    4.8465        23
     4.848        18
    4.8495        24
     4.851        20
    4.8525        11
     4.854        28
    4.8555        14
     4.857        18
    4.8585        22
      4.86        22
    4.8615        20
     4.863        19
    4.8645        13
     4.866        11
    4.8675        21
     4.869        18
    4.8705        14
     4.872         8
    4.8735        25
     4.875        19
    4.8765        21
     4.878        24
    4.8795        27
     4.881        23
    4.8825        17
     4.884        14
    4.8855        13
     4.887        20
    4.8885        30
      4.89        19
    4.8915        18
     4.893        13
    4.8945        19
     4.896        25
    4.8975        18
     4.899        19
    4.9005        15
     4.902        24
    4.9035        23
     4.905        18
    4.9065        17
     4.908        13
    4.9095        18
     4.911        11
    4.9125        23
     4.914        22
    4.9155        14
     4.917         9
    4.9185        13
      4.92        29
    4.9215        17
     4.923        14
    4.9245        11
     4.926        23
    4.9275        25
     4.929        15
    4.9305        14
     4.932        17
    4.9335        11
     4.935        27
    4.9365        16
     4.938        19
    4.9395        22
     4.941        21
    4.9425        16
     4.944        16
    4.9455        15
     4.947        21
    4.9485        16
      4.95        18
    4.9515        20
     4.953        13
    4.9545        15
     4.956        14
    4.9575         8
     4.959        14
    4.9605        13
     4.962        14
    4.9635        14
     4.965        12
    4.9665        18
     4.968        19
    4.9695        17
     4.971        18
    4.9725        19
     4.974        10
    4.9755        12
     4.977        23
    4.9785        12
      4.98        14
    4.9815        19
     4.983        13
    4.9845        18
     4.986        17
    4.9875         9
     4.989        12
    4.9905        16
     4.992        17
    4.9935        18
     4.995         9
    4.9965        18
     4.998        13
    4.9995        14
     5.001        14
    5.0025        10
     5.004        13
    5.0055        22
     5.007        16
    5.0085        16
      5.01        18
    5.0115        16
     5.013        11
    5.0145        13
     5.016         3
    5.0175        10
     5.019         9
    5.0205        17
     5.022        11
    5.0235         8
     5.025        17
    5.0265         8
     5.028         5
    5.0295        11
     5.031         7
    5.0325         9
     5.034        14
    5.0355        10
     5.037        10
    5.0385         7
      5.04         8
    5.0415        11
     5.043         7
    5.0445         7
     5.046        12
    5.0475         6
     5.049        12
    5.0505         5
     5.052         8
    5.0535        13
     5.055        16
    5.0565         6
     5.058         7
    5.0595         5
     5.061         8
    5.0625         8
     5.064         6
    5.0655         7
     5.067         7
    5.0685         4
      5.07         8
    5.0715         8
     5.073        11
    5.0745         7
     5.076         3
    5.0775         1
     5.079         4
    5.0805         1
     5.082         4
    5.0835         3
     5.085         3
    5.0865         2
     5.088         1
    5.0895         0
     5.091         3
    5.0925         1
     5.094         0
    5.0955         2
     5.097         0
    5.0985         0
       5.1         0
    5.1015         0
     5.103         0
    5.1045         0
